           1   2.96598673E-02  0.296555191    
           2   3.21310759E-02  0.321255475    
           3   6.21550083E-02  0.621149957    
           4   9.08968449E-02  0.907717288    
           5   9.66496468E-02  0.964992523    
           6  0.127413869       1.27069402    
           7  0.129688740       1.29325509    
           8  0.145874262       1.45357466    
           9  0.150249124       1.49684453    
          10  0.157765031       1.57111394    
          11  0.170147538       1.69327760    
          12  0.178782821       1.77831936    
          13  0.268093944       2.64893961    
          14  0.280663490       2.76993251    
          15  0.287895441       2.83934927    
          16  0.288917184       2.84914470    
          17  0.293777704       2.89570141    
          18  0.328275204       3.22410822    
          19  0.330059409       3.24099255    
          20  0.356993794       3.49459147    
          21  0.370233178       3.61832833    
          22  0.402802348       3.91997957    
          23  0.440050721       4.25985384    
          24  0.442525506       4.28223085    
          25  0.442706466       4.28386593    
          26  0.451186895       4.36033964    
          27  0.459356904       4.43371773    
          28  0.491711855       4.72135639    
          29  0.511611700       4.89583206    
          30  0.512973547       4.90770245    
          31  0.526710033       5.02692032    
          32  0.559647918       5.30887890    
          33  0.595282674       5.60742855    
          34  0.602297544       5.66537285    
          35  0.603440166       5.67478418    
          36  0.607497811       5.70814800    
          37  0.629420042       5.88676023    
          38  0.659755468       6.12923670    
          39  0.685234666       6.32854748    
          40  0.685466051       6.33033848    
          41  0.686521411       6.33850527    
          42  0.694912791       6.40318441    
          43  0.696256399       6.41349888    
          44  0.698351383       6.42955875    
          45  0.714524746       6.55258465    
          46  0.728810906       6.65983105    
          47  0.777109623       7.01221704    
          48  0.779526114       7.02942419    
          49  0.789708853       7.10148335    
          50  0.798962116       7.16632605    
          51  0.812837720       7.26240873    
          52  0.821397543       7.32098532    
          53  0.823912740       7.33809566    
          54  0.825191259       7.34677553    
          55  0.843332648       7.46863413    
          56  0.849127650       7.50704384    
          57  0.856639981       7.55646133    
          58  0.862447500       7.59437132    
          59  0.874378681       7.67145109    
          60  0.887010813       7.75186825    
          61  0.892488241       7.78635454    
          62  0.904300690       7.85993004    
          63  0.921168208       7.96308804    
          64  0.939719081       8.07392311    
          65  0.962338686       8.20530605    
          66  0.962374449       8.20551014    
          67  0.963088632       8.20958996    
          68   1.02234292       8.53331852    
          69   1.03119636       8.57914257    
          70   1.04843724       8.66644573    
          71   1.04883277       8.66841888    
          72   1.05132365       8.68080997    
          73   1.06148422       8.73080063    
          74   1.07840681       8.81205750    
          75   1.13777268       9.07701111    
          76   1.14152384       9.09268761    
          77   1.15370536       9.14271259    
          78   1.17466271       9.22559738    
          79   1.18314993       9.25801277    
          80   1.19403863       9.29862404    
          81   1.19952714       9.31867599    
          82   1.20671332       9.34450722    
          83   1.22571945       9.41049480    
          84   1.22912157       9.42194843    
          85   1.23136425       9.42943954    
          86   1.24124587       9.46187878    
          87   1.25020516       9.49049282    
          88   1.29509354       9.62234116    
          89   1.29578948       9.62423325    
          90   1.30456316       9.64768791    
          91   1.30771029       9.65592003    
          92   1.31693101       9.67948914    
          93   1.32592785       9.70169258    
          94   1.33360434       9.72001648    
          95   1.34891510       9.75485229    
          96   1.36908174       9.79724503    
          97   1.39671922       9.84886837    
          98   1.39695346       9.84927368    
          99   1.40069318       9.85567284    
         100   1.41335499       9.87631702    
         101   1.43962991       9.91410065    
         102   1.44477975       9.92070389    
         103   1.45463955       9.93261433    
         104   1.45672631       9.93501091    
         105   1.46374512       9.94275475    
         106   1.47898972       9.95788765    
         107   1.48117018       9.95986271    
         108   1.49242544       9.96930599    
         109   1.49326944       9.96996307    
         110   1.49509084       9.97135735    
         111   1.50528359       9.97854805    
         112   1.54078782       9.99549770    
         113   1.54132354       9.99565697    
         114   1.54779482       9.99735451    
         115   1.54879475       9.99757957    
         116   1.55294001       9.99840641    
         117   1.56945062       9.99999142    
         118   1.59451532       9.99718761    
         119   1.59512007       9.99704170    
         120   1.61327934       9.99097729    
         121   1.63620257       9.97861767    
         122   1.63839662       9.97716045    
         123   1.70905423       9.90457630    
         124   1.71872914       9.89077950    
         125   1.73883677       9.85914421    
         126   1.75659513       9.82789040    
         127   1.75889218       9.82362080    
         128   1.76939714       9.80343628    
         129   1.77365363       9.79494953    
         130   1.78395116       9.77368450    
         131   1.79333210       9.75340939    
         132   1.80667806       9.72308731    
         133   1.80930412       9.71691608    
         134   1.82286072       9.68399620    
         135   1.83569705       9.65118504    
         136   1.83972323       9.64056587    
         137   1.84792256       9.61845589    
         138   1.85051537       9.61133099    
         139   1.85505724       9.59869194    
         140   1.85628319       9.59524632    
         141   1.86941957       9.55742455    
         142   1.87404048       9.54372787    
         143   1.87665939       9.53587437    
         144   1.89049923       9.49328804    
         145   1.89751089       9.47101784    
         146   1.91077566       9.42761517    
         147   1.92906725       9.36504555    
         148   1.93792355       9.33362293    
         149   1.94601560       9.30427265    
         150   1.96024847       9.25117207    
         151   1.98009074       9.17401886    
         152   1.98554456       9.15217781    
         153   2.00133276       9.08741951    
         154   2.00709391       9.06322479    
         155   2.02556801       8.98361301    
         156   2.02803898       8.97273159    
         157   2.03443980       8.94429016    
         158   2.03593493       8.93759346    
         159   2.04547906       8.89437771    
         160   2.04621029       8.89103317    
         161   2.05346274       8.85760498    
         162   2.05548525       8.84819889    
         163   2.08248758       8.71917629    
         164   2.13432956       8.45373058    
         165   2.14114952       8.41710281    
         166   2.14958382       8.37126541    
         167   2.15298605       8.35260582    
         168   2.19808197       8.09623623    
         169   2.20434523       8.05931568    
         170   2.22530413       7.93347645    
         171   2.22769308       7.91891050    
         172   2.24881029       7.78819990    
         173   2.25350952       7.75863838    
         174   2.25790882       7.73080778    
         175   2.26796436       7.66663504    
         176   2.27155638       7.64352322    
         177   2.29067516       7.51885605    
         178   2.29875422       7.46534634    
         179   2.29923773       7.46212912    
         180   2.32059574       7.31825590    
         181   2.33408022       7.22569752    
         182   2.34608388       7.14219809    
         183   2.35298634       7.09371614    
         184   2.37153983       6.96173191    
         185   2.37432623       6.94170189    
         186   2.38711810       6.84905910    
         187   2.38887477       6.83624840    
         188   2.39250946       6.80967712    
         189   2.40772152       6.69749308    
         190   2.41473126       6.64527512    
         191   2.43774557       6.47155333    
         192   2.44080400       6.44820690    
         193   2.46362543       6.27211094    
         194   2.49256754       6.04410076    
         195   2.49783397       6.00206089    
         196   2.51399946       5.87198305    
         197   2.52174330       5.80912542    
         198   2.52903485       5.74962091    
         199   2.54447842       5.62258434    
         200   2.56038022       5.49037695    
         201   2.56390381       5.46089268    
         202   2.59742785       5.17703724    
         203   2.60132742       5.14363480    
         204   2.60756159       5.09007263    
         205   2.63115621       4.88558102    
         206   2.64457464       4.76806498    
         207   2.64554405       4.75954151    
         208   2.64950323       4.72468424    
         209   2.66030550       4.62920475    
         210   2.67078495       4.53606272    
         211   2.67229128       4.52263308    
         212   2.67289352       4.51726103    
         213   2.71281338       4.15760899    
         214   2.71660614       4.12308502    
         215   2.73662138       3.93992376    
         216   2.73681974       3.93810034    
         217   2.73728585       3.93381572    
         218   2.74129391       3.89693499    
         219   2.74425697       3.86962986    
         220   2.74633217       3.85048604    
         221   2.75324965       3.78655338    
         222   2.77575231       3.57734179    
         223   2.79307556       3.41504431    
         224   2.81368351       3.22064281    
         225   2.82790589       3.08567572    
         226   2.88228464       2.56411767    
         227   2.88382149       2.54925990    
         228   2.88554764       2.53256512    
         229   2.90302372       2.36312342    
         230   2.94494820       1.95379567    
         231   2.95716000       1.83388841    
         232   2.98170424       1.59208047    
         233   2.98562336       1.55337703    
         234   2.99369955       1.47354555    
         235   3.02206135       1.19246864    
         236   3.02900553       1.12349415    
         237   3.03477859       1.06611061    
         238   3.06554985      0.759695411    
         239   3.07249212      0.690455496    
         240   3.10217905      0.394034028    
         241   3.11980915      0.217817798    
         242   3.13658762       5.00501283E-02
         243   3.15122008      -9.62728113E-02
         244   3.17303395     -0.314361185    
         245   3.17383933     -0.322410882    
         246   3.18879461     -0.471844345    
         247   3.19107699     -0.494641483    
         248   3.20756578     -0.659252882    
         249   3.21384192     -0.721864223    
         250   3.22593737     -0.842447400    
         251   3.25123358      -1.09421384    
         252   3.25926948      -1.17405415    
         253   3.26212335      -1.20239067    
         254   3.26868653      -1.26752007    
         255   3.27917099      -1.37144744    
         256   3.29559422      -1.53393555    
         257   3.30141091      -1.59138787    
         258   3.30519199      -1.62870538    
         259   3.31741810      -1.74920917    
         260   3.32112169      -1.78566206    
         261   3.32403040      -1.81427407    
         262   3.32666373      -1.84016407    
         263   3.35053968      -2.07429934    
         264   3.35156679      -2.08434606    
         265   3.35512543      -2.11913753    
         266   3.37098074      -2.27381682    
         267   3.40094805      -2.56457567    
         268   3.40198994      -2.57464457    
         269   3.41840935      -2.73294926    
         270   3.44231081      -2.96206212    
         271   3.45405102      -3.07398891    
         272   3.45586824      -3.09127617    
         273   3.47695637      -3.29112649    
         274   3.47844362      -3.30516696    
         275   3.49170470      -3.43003058    
         276   3.52437115      -3.73499346    
         277   3.52583551      -3.74857306    
         278   3.55475760      -4.01509953    
         279   3.58091879      -4.25329685    
         280   3.58613849      -4.30047894    
         281   3.59039712      -4.33888721    
         282   3.62527442      -4.65041733    
         283   3.63415933      -4.72888994    
         284   3.64302158      -4.80679083    
         285   3.67388916      -5.07513475    
         286   3.67942190      -5.12272882    
         287   3.67977810      -5.12578773    
         288   3.68528271      -5.17297506    
         289   3.68621492      -5.18095064    
         290   3.69012213      -5.21432972    
         291   3.70837641      -5.36921501    
         292   3.71129537      -5.39381742    
         293   3.71153784      -5.39585876    
         294   3.71228409      -5.40214062    
         295   3.72526503      -5.51092052    
         296   3.72942209      -5.54556131    
         297   3.77922297      -5.95293045    
         298   3.79420805      -6.07266426    
         299   3.79992485      -6.11798477    
         300   3.80040264      -6.12176323    
         301   3.82401514      -6.30674839    
         302   3.82570171      -6.31982803    
         303   3.85129929      -6.51611280    
         304   3.87056160      -6.66100979    
         305   3.87845278      -6.71965885    
         306   3.88606691      -6.77585220    
         307   3.88913798      -6.79840660    
         308   3.90512896      -6.91480398    
         309   3.90827942      -6.93752813    
         310   3.94754791      -7.21492386    
         311   3.94937468      -7.22756100    
         312   3.95428491      -7.26140881    
         313   3.97159290      -7.37931538    
         314   3.97247505      -7.38526583    
         315   3.97478127      -7.40079498    
         316   3.98197961      -7.44901371    
         317   3.98304510      -7.45611763    
         318   3.98964024      -7.49990416    
         319   3.99290752      -7.52147579    
         320   3.99405861      -7.52905607    
         321   4.01794386      -7.68408871    
         322   4.03181124      -7.77209282    
         323   4.03788424      -7.81016350    
         324   4.04717541      -7.86784935    
         325   4.07093287      -8.01225281    
         326   4.08466005      -8.09363461    
         327   4.10157633      -8.19182205    
         328   4.13000488      -8.35153675    
         329   4.13017178      -8.35245514    
         330   4.13283920      -8.36709213    
         331   4.13845587      -8.39772034    
         332   4.14387131      -8.42699909    
         333   4.15563011      -8.48972225    
         334   4.16664457      -8.54741096    
         335   4.16925955      -8.56095505    
         336   4.20075798      -8.71947098    
         337   4.20297623      -8.73031044    
         338   4.20396471      -8.73512650    
         339   4.21475649      -8.78715134    
         340   4.22539711      -8.83744526    
         341   4.23535728      -8.88361740    
         342   4.23705816      -8.89141369    
         343   4.24790525      -8.94052887    
         344   4.25419712      -8.96853733    
         345   4.25725031      -8.98200035    
         346   4.28978539      -9.12024212    
         347   4.31428719      -9.21798515    
         348   4.32419205      -9.25593090    
         349   4.33995152      -9.31443119    
         350   4.34138155      -9.31962585    
         351   4.34423304      -9.32992554    
         352   4.35205078      -9.35777569    
         353   4.36303997      -9.39595795    
         354   4.36785030      -9.41231346    
         355   4.36897564      -9.41610909    
         356   4.37315083      -9.43008423    
         357   4.37373400      -9.43202400    
         358   4.37648106      -9.44111443    
         359   4.37824631      -9.44691849    
         360   4.38441944      -9.46698380    
         361   4.38677168      -9.47453403    
         362   4.40115547      -9.51956558    
         363   4.40414190      -9.52866840    
         364   4.41114092      -9.54966927    
         365   4.41226196      -9.55298996    
         366   4.42201281      -9.58136272    
         367   4.42396259      -9.58692646    
         368   4.46638012      -9.69892120    
         369   4.47255039      -9.71376324    
         370   4.47785759      -9.72623348    
         371   4.47921848      -9.72938728    
         372   4.48756599      -9.74833584    
         373   4.49053955      -9.75492191    
         374   4.51056957      -9.79703522    
         375   4.51301003      -9.80189800    
         376   4.51535892      -9.80652332    
         377   4.52207613      -9.81945133    
         378   4.52212763      -9.81954861    
         379   4.53271961      -9.83902836    
         380   4.54054689      -9.85271454    
         381   4.54854202      -9.86607170    
         382   4.55814981      -9.88128757    
         383   4.59212446      -9.92776966    
         384   4.60596752      -9.94342613    
         385   4.61083460      -9.94847775    
         386   4.61768579      -9.95519066    
         387   4.64162159      -9.97496986    
         388   4.64664793      -9.97839832    
         389   4.64970303      -9.98035908    
         390   4.65177917      -9.98163795    
         391   4.65835238      -9.98540401    
         392   4.65848446      -9.98547459    
         393   4.67617130      -9.99344254    
         394   4.74268579      -9.99541092    
         395   4.75749254      -9.98983002    
         396   4.78148985      -9.97613525    
         397   4.78776598      -9.97160530    
         398   4.82844973      -9.93272591    
         399   4.84526157      -9.91185379    
         400   4.84918785      -9.90657616    
         401   4.85093546      -9.90417767    
         402   4.85788536      -9.89434052    
         403   4.86479282      -9.88409042    
         404   4.88285780      -9.85505295    
         405   4.89655256      -9.83089828    
         406   4.90931702      -9.80672264    
         407   4.92370272      -9.77756214    
         408   4.95756388      -9.70094872    
         409   4.97360611      -9.66076374    
         410   4.98432732      -9.63252068    
         411   5.00997543      -9.56046963    
         412   5.03846169      -9.47307682    
         413   5.03866625      -9.47242069    
         414   5.03980398      -9.46876812    
         415   5.04179764      -9.46233845    
         416   5.05547142      -9.41722202    
         417   5.05920506      -9.40459728    
         418   5.05990601      -9.40221214    
         419   5.06642056      -9.37982655    
         420   5.07492638      -9.34999943    
         421   5.08671188      -9.30755424    
         422   5.09276772      -9.28524113    
         423   5.09529829      -9.27581596    
         424   5.10159111      -9.25212097    
         425   5.11350250      -9.20626736    
         426   5.12972736      -9.14171028    
         427   5.13415432      -9.12367630    
         428   5.17721510      -8.93899536    
         429   5.18352652      -8.91052532    
         430   5.18700266      -8.89469337    
         431   5.18992901      -8.88128185    
         432   5.20000553      -8.83452034    
         433   5.22650862      -8.70726013    
         434   5.23425674      -8.66889572    
         435   5.23671389      -8.65662098    
         436   5.25906420      -8.54257584    
         437   5.31250000      -8.25272942    
         438   5.31526995      -8.23705482    
         439   5.36618757      -7.93779182    
         440   5.37545967      -7.88105774    
         441   5.38400745      -7.82815552    
         442   5.38597631      -7.81588936    
         443   5.40314674      -7.70763445    
         444   5.40443563      -7.69941616    
         445   5.40916920      -7.66912460    
         446   5.41154003      -7.65388775    
         447   5.45308828      -7.37996817    
         448   5.45928907      -7.33798409    
         449   5.47854900      -7.20578480    
         450   5.50043774      -7.05230045    
         451   5.51542330      -6.94526863    
         452   5.52460289      -6.87893200    
         453   5.53334808      -6.81519604    
         454   5.57176590      -6.52909517    
         455   5.57683706      -6.49060059    
         456   5.58566093      -6.42322254    
         457   5.59636784      -6.34079456    
         458   5.62175608      -6.14245319    
         459   5.62622976      -6.10708952    
         460   5.62672901      -6.10313511    
         461   5.64698553      -5.94142962    
         462   5.65702820      -5.86035252    
         463   5.66694021      -5.77975035    
         464   5.68109083      -5.66369915    
         465   5.68256760      -5.65152168    
         466   5.68370390      -5.64214420    
         467   5.69197226      -5.57368565    
         468   5.72148418      -5.32626724    
         469   5.72198629      -5.32201719    
         470   5.72255421      -5.31720829    
         471   5.74308252      -5.14224148    
         472   5.75574780      -5.03320742    
         473   5.75805235      -5.01328039    
         474   5.77064323      -4.90394258    
         475   5.78149700      -4.80906487    
         476   5.79549217      -4.68589211    
         477   5.80544138      -4.59776878    
         478   5.81123638      -4.54623032    
         479   5.82054853      -4.46309280    
         480   5.82154846      -4.45414209    
         481   5.83230495      -4.35758066    
         482   5.83571768      -4.32683897    
         483   5.84967422      -4.20059681    
         484   5.85951233      -4.11111450    
         485   5.86656046      -4.04676342    
         486   5.87081623      -4.00780964    
         487   5.87196159      -3.99731350    
         488   5.87581730      -3.96194100    
         489   5.91670799      -3.58328915    
         490   5.92595243      -3.49683142    
         491   5.92832184      -3.47462368    
         492   5.94143581      -3.35135937    
         493   5.94236851      -3.34257030    
         494   5.94456291      -3.32188034    
         495   5.95309448      -3.24128962    
         496   5.96142817      -3.16234016    
         497   5.98535728      -2.93444538    
         498   5.98751545      -2.91380692    
         499   5.99198198      -2.87105107    
         500   5.99485350      -2.84353280    
