   1257
   0.0000000e+00  -5.2097836e-03
   1.0000000e-02  -8.0438703e-03
   2.0000000e-02   1.1101594e-02
   3.0000000e-02   2.5438534e-02
   4.0000000e-02   3.6904693e-02
   5.0000000e-02   7.3246549e-02
   6.0000000e-02   8.8277449e-02
   7.0000000e-02   9.0355206e-02
   8.0000000e-02   1.0303205e-01
   9.0000000e-02   1.1919787e-01
   1.0000000e-01   1.4919620e-01
   1.1000000e-01   1.4383259e-01
   1.2000000e-01   1.5427647e-01
   1.3000000e-01   1.8178621e-01
   1.4000000e-01   1.7687853e-01
   1.5000000e-01   1.7705275e-01
   1.6000000e-01   2.2001753e-01
   1.7000000e-01   2.0596792e-01
   1.8000000e-01   2.2579107e-01
   1.9000000e-01   2.4339886e-01
   2.0000000e-01   2.5292479e-01
   2.1000000e-01   2.4115097e-01
   2.2000000e-01   2.4604712e-01
   2.3000000e-01   2.6706740e-01
   2.4000000e-01   3.0802019e-01
   2.5000000e-01   3.0383518e-01
   2.6000000e-01   3.1024286e-01
   2.7000000e-01   3.1959067e-01
   2.8000000e-01   3.4775804e-01
   2.9000000e-01   3.5265583e-01
   3.0000000e-01   3.6366431e-01
   3.1000000e-01   3.4956296e-01
   3.2000000e-01   3.7377996e-01
   3.3000000e-01   3.8797890e-01
   3.4000000e-01   3.9196812e-01
   3.5000000e-01   4.0760967e-01
   3.6000000e-01   4.1101357e-01
   3.7000000e-01   4.4296244e-01
   3.8000000e-01   4.3342541e-01
   3.9000000e-01   4.5983898e-01
   4.0000000e-01   4.5825001e-01
   4.1000000e-01   4.8051319e-01
   4.2000000e-01   5.0069109e-01
   4.3000000e-01   4.8934241e-01
   4.4000000e-01   5.1820683e-01
   4.5000000e-01   4.9344343e-01
   4.6000000e-01   5.3558148e-01
   4.7000000e-01   5.0534780e-01
   4.8000000e-01   5.3368155e-01
   4.9000000e-01   5.2061139e-01
   5.0000000e-01   5.6893745e-01
   5.1000000e-01   5.4639720e-01
   5.2000000e-01   5.5452418e-01
   5.3000000e-01   5.6405695e-01
   5.4000000e-01   5.9817503e-01
   5.5000000e-01   5.8282188e-01
   5.6000000e-01   5.9547342e-01
   5.7000000e-01   6.2732332e-01
   5.8000000e-01   6.2220631e-01
   5.9000000e-01   6.5076812e-01
   6.0000000e-01   6.1623744e-01
   6.1000000e-01   6.4313616e-01
   6.2000000e-01   6.5776898e-01
   6.3000000e-01   6.6517126e-01
   6.4000000e-01   6.8577446e-01
   6.5000000e-01   6.5845849e-01
   6.6000000e-01   6.7463362e-01
   6.7000000e-01   6.6711260e-01
   6.8000000e-01   7.2184523e-01
   6.9000000e-01   7.1979304e-01
   7.0000000e-01   7.2613654e-01
   7.1000000e-01   7.0251312e-01
   7.2000000e-01   7.1993993e-01
   7.3000000e-01   7.1685084e-01
   7.4000000e-01   7.4083577e-01
   7.5000000e-01   7.6305462e-01
   7.6000000e-01   7.6079439e-01
   7.7000000e-01   7.7000695e-01
   7.8000000e-01   7.7390862e-01
   7.9000000e-01   7.8464710e-01
   8.0000000e-01   7.9733222e-01
   8.1000000e-01   7.9175501e-01
   8.2000000e-01   7.7541289e-01
   8.3000000e-01   8.0093389e-01
   8.4000000e-01   7.8624168e-01
   8.5000000e-01   8.2907074e-01
   8.6000000e-01   7.9325048e-01
   8.7000000e-01   8.1183609e-01
   8.8000000e-01   8.2937753e-01
   8.9000000e-01   8.2945742e-01
   9.0000000e-01   8.5122287e-01
   9.1000000e-01   8.4266958e-01
   9.2000000e-01   8.3258313e-01
   9.3000000e-01   8.6169239e-01
   9.4000000e-01   8.3856437e-01
   9.5000000e-01   8.6886771e-01
   9.6000000e-01   8.7240525e-01
   9.7000000e-01   8.5683122e-01
   9.8000000e-01   8.5905316e-01
   9.9000000e-01   8.6275182e-01
   1.0000000e+00   8.6632408e-01
   1.0100000e+00   8.7330824e-01
   1.0200000e+00   9.1516411e-01
   1.0300000e+00   8.7237555e-01
   1.0400000e+00   9.2353902e-01
   1.0500000e+00   8.8095084e-01
   1.0600000e+00   9.3214497e-01
   1.0700000e+00   9.0231325e-01
   1.0800000e+00   9.1745253e-01
   1.0900000e+00   9.3800318e-01
   1.1000000e+00   9.4331627e-01
   1.1100000e+00   9.1147940e-01
   1.1200000e+00   9.3852128e-01
   1.1300000e+00   9.5592742e-01
   1.1400000e+00   9.6095652e-01
   1.1500000e+00   9.2079847e-01
   1.1600000e+00   9.2750306e-01
   1.1700000e+00   9.5896845e-01
   1.1800000e+00   9.2712406e-01
   1.1900000e+00   9.3115216e-01
   1.2000000e+00   9.5490958e-01
   1.2100000e+00   9.7574205e-01
   1.2200000e+00   9.8582274e-01
   1.2300000e+00   9.3884342e-01
   1.2400000e+00   9.6833767e-01
   1.2500000e+00   9.8678918e-01
   1.2600000e+00   9.9162474e-01
   1.2700000e+00   9.9081344e-01
   1.2800000e+00   9.9480037e-01
   1.2900000e+00   9.9040991e-01
   1.3000000e+00   9.6115318e-01
   1.3100000e+00   9.8284215e-01
   1.3200000e+00   9.6787994e-01
   1.3300000e+00   1.0029768e+00
   1.3400000e+00   1.0097408e+00
   1.3500000e+00   9.7367020e-01
   1.3600000e+00   1.0111759e+00
   1.3700000e+00   9.8811304e-01
   1.3800000e+00   9.8951770e-01
   1.3900000e+00   9.8557022e-01
   1.4000000e+00   1.0169397e+00
   1.4100000e+00   1.0121087e+00
   1.4200000e+00   9.9885607e-01
   1.4300000e+00   1.0133145e+00
   1.4400000e+00   1.0263611e+00
   1.4500000e+00   9.8910494e-01
   1.4600000e+00   9.9382635e-01
   1.4700000e+00   1.0147841e+00
   1.4800000e+00   1.0242535e+00
   1.4900000e+00   1.0275214e+00
   1.5000000e+00   1.0057339e+00
   1.5100000e+00   9.9252388e-01
   1.5200000e+00   9.9163078e-01
   1.5300000e+00   1.0064546e+00
   1.5400000e+00   1.0306386e+00
   1.5500000e+00   1.0006340e+00
   1.5600000e+00   1.0301145e+00
   1.5700000e+00   1.0239050e+00
   1.5800000e+00   9.9303582e-01
   1.5900000e+00   1.0315256e+00
   1.6000000e+00   1.0388241e+00
   1.6100000e+00   1.0177223e+00
   1.6200000e+00   1.0351699e+00
   1.6300000e+00   1.0003523e+00
   1.6400000e+00   1.0320421e+00
   1.6500000e+00   1.0405619e+00
   1.6600000e+00   1.0360867e+00
   1.6700000e+00   1.0075525e+00
   1.6800000e+00   1.0053199e+00
   1.6900000e+00   1.0208269e+00
   1.7000000e+00   1.0145777e+00
   1.7100000e+00   1.0186210e+00
   1.7200000e+00   1.0442738e+00
   1.7300000e+00   1.0246737e+00
   1.7400000e+00   1.0415250e+00
   1.7500000e+00   1.0185905e+00
   1.7600000e+00   1.0157143e+00
   1.7700000e+00   1.0321584e+00
   1.7800000e+00   1.0303984e+00
   1.7900000e+00   1.0149709e+00
   1.8000000e+00   9.9506818e-01
   1.8100000e+00   9.9636400e-01
   1.8200000e+00   1.0313898e+00
   1.8300000e+00   1.0237505e+00
   1.8400000e+00   9.9203293e-01
   1.8500000e+00   1.0176787e+00
   1.8600000e+00   1.0251895e+00
   1.8700000e+00   9.9405930e-01
   1.8800000e+00   9.9867672e-01
   1.8900000e+00   1.0276673e+00
   1.9000000e+00   9.9328820e-01
   1.9100000e+00   1.0296564e+00
   1.9200000e+00   1.0309136e+00
   1.9300000e+00   9.8451636e-01
   1.9400000e+00   1.0018483e+00
   1.9500000e+00   9.9046226e-01
   1.9600000e+00   1.0081341e+00
   1.9700000e+00   9.8522786e-01
   1.9800000e+00   9.8110090e-01
   1.9900000e+00   1.0247632e+00
   2.0000000e+00   1.0256176e+00
   2.0100000e+00   9.9399307e-01
   2.0200000e+00   1.0070386e+00
   2.0300000e+00   9.7708075e-01
   2.0400000e+00   9.8290798e-01
   2.0500000e+00   9.7329597e-01
   2.0600000e+00   9.9356203e-01
   2.0700000e+00   9.7635254e-01
   2.0800000e+00   1.0171425e+00
   2.0900000e+00   9.8763608e-01
   2.1000000e+00   1.0127341e+00
   2.1100000e+00   9.9983768e-01
   2.1200000e+00   9.9130744e-01
   2.1300000e+00   9.8789145e-01
   2.1400000e+00   9.9474495e-01
   2.1500000e+00   9.5829778e-01
   2.1600000e+00   9.9572512e-01
   2.1700000e+00   1.0014753e+00
   2.1800000e+00   9.5406059e-01
   2.1900000e+00   9.9337161e-01
   2.2000000e+00   9.8898274e-01
   2.2100000e+00   9.9893035e-01
   2.2200000e+00   9.5889597e-01
   2.2300000e+00   9.9191293e-01
   2.2400000e+00   9.7644141e-01
   2.2500000e+00   9.4799666e-01
   2.2600000e+00   9.5451190e-01
   2.2700000e+00   9.7765367e-01
   2.2800000e+00   9.7807949e-01
   2.2900000e+00   9.4134441e-01
   2.3000000e+00   9.5793319e-01
   2.3100000e+00   9.4369796e-01
   2.3200000e+00   9.7716643e-01
   2.3300000e+00   9.4532030e-01
   2.3400000e+00   9.7044188e-01
   2.3500000e+00   9.3880533e-01
   2.3600000e+00   9.6795264e-01
   2.3700000e+00   9.3168798e-01
   2.3800000e+00   9.5844841e-01
   2.3900000e+00   9.2027670e-01
   2.4000000e+00   9.4900252e-01
   2.4100000e+00   9.4341263e-01
   2.4200000e+00   9.3206368e-01
   2.4300000e+00   9.2203572e-01
   2.4400000e+00   9.4917262e-01
   2.4500000e+00   9.1498517e-01
   2.4600000e+00   9.3031048e-01
   2.4700000e+00   9.0462852e-01
   2.4800000e+00   9.1144260e-01
   2.4900000e+00   9.2449255e-01
   2.5000000e+00   9.4025499e-01
   2.5100000e+00   9.0350320e-01
   2.5200000e+00   9.3116223e-01
   2.5300000e+00   9.2720049e-01
   2.5400000e+00   8.9246263e-01
   2.5500000e+00   9.1326716e-01
   2.5600000e+00   9.3547592e-01
   2.5700000e+00   8.9060722e-01
   2.5800000e+00   9.2022009e-01
   2.5900000e+00   9.1305807e-01
   2.6000000e+00   9.0890893e-01
   2.6100000e+00   9.0219722e-01
   2.6200000e+00   9.0372290e-01
   2.6300000e+00   8.9471785e-01
   2.6400000e+00   8.7526551e-01
   2.6500000e+00   8.8404263e-01
   2.6600000e+00   8.9563899e-01
   2.6700000e+00   8.9729735e-01
   2.6800000e+00   9.1022774e-01
   2.6900000e+00   9.1063582e-01
   2.7000000e+00   8.6448605e-01
   2.7100000e+00   8.9095260e-01
   2.7200000e+00   8.8606520e-01
   2.7300000e+00   8.7767953e-01
   2.7400000e+00   8.6986521e-01
   2.7500000e+00   8.7389705e-01
   2.7600000e+00   8.8173724e-01
   2.7700000e+00   8.9423897e-01
   2.7800000e+00   8.4878436e-01
   2.7900000e+00   8.8229384e-01
   2.8000000e+00   8.7002551e-01
   2.8100000e+00   8.8418027e-01
   2.8200000e+00   8.4171460e-01
   2.8300000e+00   8.4941483e-01
   2.8400000e+00   8.3542600e-01
   2.8500000e+00   8.5615430e-01
   2.8600000e+00   8.6747304e-01
   2.8700000e+00   8.4131522e-01
   2.8800000e+00   8.3655125e-01
   2.8900000e+00   8.3997086e-01
   2.9000000e+00   8.4419819e-01
   2.9100000e+00   8.5654045e-01
   2.9200000e+00   8.4330770e-01
   2.9300000e+00   8.3508817e-01
   2.9400000e+00   8.5939275e-01
   2.9500000e+00   8.6054494e-01
   2.9600000e+00   8.4186645e-01
   2.9700000e+00   8.1523346e-01
   2.9800000e+00   8.3773385e-01
   2.9900000e+00   8.2416487e-01
   3.0000000e+00   8.5277713e-01
   3.0100000e+00   8.1577109e-01
   3.0200000e+00   8.3496050e-01
   3.0300000e+00   8.2464156e-01
   3.0400000e+00   8.0578149e-01
   3.0500000e+00   8.2884192e-01
   3.0600000e+00   7.9515191e-01
   3.0700000e+00   8.0011981e-01
   3.0800000e+00   7.9146014e-01
   3.0900000e+00   8.3171877e-01
   3.1000000e+00   8.2775644e-01
   3.1100000e+00   7.8998526e-01
   3.1200000e+00   8.0291994e-01
   3.1300000e+00   7.8674345e-01
   3.1400000e+00   8.0768077e-01
   3.1500000e+00   8.2490125e-01
   3.1600000e+00   7.8861826e-01
   3.1700000e+00   8.2367136e-01
   3.1800000e+00   7.9005958e-01
   3.1900000e+00   7.8139855e-01
   3.2000000e+00   8.0267937e-01
   3.2100000e+00   8.1648333e-01
   3.2200000e+00   7.9739181e-01
   3.2300000e+00   7.6788725e-01
   3.2400000e+00   7.8185233e-01
   3.2500000e+00   7.6996904e-01
   3.2600000e+00   7.7171323e-01
   3.2700000e+00   7.6126603e-01
   3.2800000e+00   8.0226322e-01
   3.2900000e+00   7.9537348e-01
   3.3000000e+00   7.7290692e-01
   3.3100000e+00   7.9442020e-01
   3.3200000e+00   7.8908453e-01
   3.3300000e+00   7.8107550e-01
   3.3400000e+00   7.6829088e-01
   3.3500000e+00   7.6516844e-01
   3.3600000e+00   7.5028006e-01
   3.3700000e+00   7.6156888e-01
   3.3800000e+00   7.7058094e-01
   3.3900000e+00   7.6485208e-01
   3.4000000e+00   7.7278963e-01
   3.4100000e+00   7.6490049e-01
   3.4200000e+00   7.7866843e-01
   3.4300000e+00   7.4154424e-01
   3.4400000e+00   7.5862416e-01
   3.4500000e+00   7.6369827e-01
   3.4600000e+00   7.4235052e-01
   3.4700000e+00   7.6235863e-01
   3.4800000e+00   7.3320521e-01
   3.4900000e+00   7.5822631e-01
   3.5000000e+00   7.7040499e-01
   3.5100000e+00   7.5213787e-01
   3.5200000e+00   7.4798272e-01
   3.5300000e+00   7.3238040e-01
   3.5400000e+00   7.2525383e-01
   3.5500000e+00   7.6060196e-01
   3.5600000e+00   7.6151876e-01
   3.5700000e+00   7.3535264e-01
   3.5800000e+00   7.2541310e-01
   3.5900000e+00   7.3740180e-01
   3.6000000e+00   7.5910296e-01
   3.6100000e+00   7.5877480e-01
   3.6200000e+00   7.4899230e-01
   3.6300000e+00   7.6279854e-01
   3.6400000e+00   7.6102539e-01
   3.6500000e+00   7.1859925e-01
   3.6600000e+00   7.4449032e-01
   3.6700000e+00   7.3524472e-01
   3.6800000e+00   7.1367608e-01
   3.6900000e+00   7.5440111e-01
   3.7000000e+00   7.3355357e-01
   3.7100000e+00   7.4645378e-01
   3.7200000e+00   7.1012034e-01
   3.7300000e+00   7.1945580e-01
   3.7400000e+00   7.3813420e-01
   3.7500000e+00   7.1152585e-01
   3.7600000e+00   7.3605501e-01
   3.7700000e+00   7.2267410e-01
   3.7800000e+00   7.4102824e-01
   3.7900000e+00   7.3472267e-01
   3.8000000e+00   7.2050208e-01
   3.8100000e+00   7.1579648e-01
   3.8200000e+00   7.1718764e-01
   3.8300000e+00   7.4552929e-01
   3.8400000e+00   7.2181579e-01
   3.8500000e+00   7.2056397e-01
   3.8600000e+00   7.2060225e-01
   3.8700000e+00   7.4462807e-01
   3.8800000e+00   7.0780809e-01
   3.8900000e+00   7.4047759e-01
   3.9000000e+00   6.9687367e-01
   3.9100000e+00   7.1250770e-01
   3.9200000e+00   7.3327748e-01
   3.9300000e+00   7.1169002e-01
   3.9400000e+00   7.2508093e-01
   3.9500000e+00   7.1639947e-01
   3.9600000e+00   6.9388135e-01
   3.9700000e+00   7.2296905e-01
   3.9800000e+00   7.2275213e-01
   3.9900000e+00   7.2482021e-01
   4.0000000e+00   7.0917787e-01
   4.0100000e+00   7.1641615e-01
   4.0200000e+00   7.2656602e-01
   4.0300000e+00   7.3561036e-01
   4.0400000e+00   6.9373275e-01
   4.0500000e+00   6.9567425e-01
   4.0600000e+00   7.2303823e-01
   4.0700000e+00   7.2856215e-01
   4.0800000e+00   7.3958260e-01
   4.0900000e+00   6.9629343e-01
   4.1000000e+00   7.0811002e-01
   4.1100000e+00   7.2357302e-01
   4.1200000e+00   7.0844110e-01
   4.1300000e+00   7.3273406e-01
   4.1400000e+00   7.0408412e-01
   4.1500000e+00   6.9609934e-01
   4.1600000e+00   7.2301450e-01
   4.1700000e+00   6.9948363e-01
   4.1800000e+00   7.3276851e-01
   4.1900000e+00   7.2690488e-01
   4.2000000e+00   7.1033608e-01
   4.2100000e+00   6.8941448e-01
   4.2200000e+00   6.9692764e-01
   4.2300000e+00   7.0321330e-01
   4.2400000e+00   7.3322550e-01
   4.2500000e+00   7.1976494e-01
   4.2600000e+00   7.0587532e-01
   4.2700000e+00   7.0415938e-01
   4.2800000e+00   7.1185456e-01
   4.2900000e+00   7.3543592e-01
   4.3000000e+00   7.3667751e-01
   4.3100000e+00   7.1587609e-01
   4.3200000e+00   7.2219470e-01
   4.3300000e+00   7.2699776e-01
   4.3400000e+00   6.9246388e-01
   4.3500000e+00   7.2026317e-01
   4.3600000e+00   6.9410612e-01
   4.3700000e+00   7.1318328e-01
   4.3800000e+00   7.1573509e-01
   4.3900000e+00   6.9378572e-01
   4.4000000e+00   6.9622814e-01
   4.4100000e+00   7.3950646e-01
   4.4200000e+00   7.2036396e-01
   4.4300000e+00   7.1235871e-01
   4.4400000e+00   7.1259205e-01
   4.4500000e+00   7.0235297e-01
   4.4600000e+00   7.0266785e-01
   4.4700000e+00   7.1314414e-01
   4.4800000e+00   7.1283235e-01
   4.4900000e+00   7.3567871e-01
   4.5000000e+00   7.2127074e-01
   4.5100000e+00   7.2064321e-01
   4.5200000e+00   7.0444843e-01
   4.5300000e+00   7.4270072e-01
   4.5400000e+00   7.3261711e-01
   4.5500000e+00   7.4116796e-01
   4.5600000e+00   7.3276764e-01
   4.5700000e+00   7.4968478e-01
   4.5800000e+00   7.5003642e-01
   4.5900000e+00   7.1412477e-01
   4.6000000e+00   7.3342793e-01
   4.6100000e+00   7.3920576e-01
   4.6200000e+00   7.2830826e-01
   4.6300000e+00   7.4650900e-01
   4.6400000e+00   7.1419296e-01
   4.6500000e+00   7.1149521e-01
   4.6600000e+00   7.0607991e-01
   4.6700000e+00   7.1425168e-01
   4.6800000e+00   7.3398688e-01
   4.6900000e+00   7.3349635e-01
   4.7000000e+00   7.2792222e-01
   4.7100000e+00   7.2489881e-01
   4.7200000e+00   7.1026499e-01
   4.7300000e+00   7.5157813e-01
   4.7400000e+00   7.4347615e-01
   4.7500000e+00   7.3472174e-01
   4.7600000e+00   7.2526879e-01
   4.7700000e+00   7.5400356e-01
   4.7800000e+00   7.5581259e-01
   4.7900000e+00   7.5801315e-01
   4.8000000e+00   7.3956547e-01
   4.8100000e+00   7.6554668e-01
   4.8200000e+00   7.5989222e-01
   4.8300000e+00   7.2258504e-01
   4.8400000e+00   7.3137439e-01
   4.8500000e+00   7.6121888e-01
   4.8600000e+00   7.4148660e-01
   4.8700000e+00   7.4537443e-01
   4.8800000e+00   7.7050798e-01
   4.8900000e+00   7.7206235e-01
   4.9000000e+00   7.6296568e-01
   4.9100000e+00   7.5432579e-01
   4.9200000e+00   7.7230122e-01
   4.9300000e+00   7.5219050e-01
   4.9400000e+00   7.3664134e-01
   4.9500000e+00   7.4557025e-01
   4.9600000e+00   7.4502950e-01
   4.9700000e+00   7.5906749e-01
   4.9800000e+00   7.3547869e-01
   4.9900000e+00   7.3651332e-01
   5.0000000e+00   7.4237039e-01
   5.0100000e+00   7.8237685e-01
   5.0200000e+00   7.7654004e-01
   5.0300000e+00   7.7249586e-01
   5.0400000e+00   7.8647945e-01
   5.0500000e+00   7.8888914e-01
   5.0600000e+00   7.8934755e-01
   5.0700000e+00   7.4849242e-01
   5.0800000e+00   7.8993144e-01
   5.0900000e+00   7.6955587e-01
   5.1000000e+00   7.4776854e-01
   5.1100000e+00   7.6069231e-01
   5.1200000e+00   7.9090247e-01
   5.1300000e+00   7.8893051e-01
   5.1400000e+00   7.4836306e-01
   5.1500000e+00   7.8131489e-01
   5.1600000e+00   7.9052740e-01
   5.1700000e+00   7.6369368e-01
   5.1800000e+00   7.5571698e-01
   5.1900000e+00   7.6674674e-01
   5.2000000e+00   7.5980840e-01
   5.2100000e+00   7.7994587e-01
   5.2200000e+00   7.7779603e-01
   5.2300000e+00   7.7701237e-01
   5.2400000e+00   8.0338639e-01
   5.2500000e+00   7.8118020e-01
   5.2600000e+00   7.7545276e-01
   5.2700000e+00   7.6478119e-01
   5.2800000e+00   7.7444580e-01
   5.2900000e+00   7.7656515e-01
   5.3000000e+00   7.6719147e-01
   5.3100000e+00   8.0196952e-01
   5.3200000e+00   7.6836429e-01
   5.3300000e+00   7.9966007e-01
   5.3400000e+00   7.9065290e-01
   5.3500000e+00   7.8383288e-01
   5.3600000e+00   8.0514828e-01
   5.3700000e+00   7.8968139e-01
   5.3800000e+00   7.7999577e-01
   5.3900000e+00   8.0273729e-01
   5.4000000e+00   7.8535158e-01
   5.4100000e+00   8.2243104e-01
   5.4200000e+00   8.1273490e-01
   5.4300000e+00   8.2295390e-01
   5.4400000e+00   8.1985622e-01
   5.4500000e+00   8.2323179e-01
   5.4600000e+00   8.1568810e-01
   5.4700000e+00   8.2072253e-01
   5.4800000e+00   8.2079623e-01
   5.4900000e+00   8.0357342e-01
   5.5000000e+00   8.1527240e-01
   5.5100000e+00   8.3351447e-01
   5.5200000e+00   7.9374731e-01
   5.5300000e+00   8.1720654e-01
   5.5400000e+00   8.1499136e-01
   5.5500000e+00   8.3973443e-01
   5.5600000e+00   8.2719688e-01
   5.5700000e+00   8.4600712e-01
   5.5800000e+00   8.2728299e-01
   5.5900000e+00   8.4122244e-01
   5.6000000e+00   8.2379880e-01
   5.6100000e+00   8.2878648e-01
   5.6200000e+00   8.1164747e-01
   5.6300000e+00   8.3558179e-01
   5.6400000e+00   8.5317252e-01
   5.6500000e+00   8.3289047e-01
   5.6600000e+00   8.3133492e-01
   5.6700000e+00   8.4820106e-01
   5.6800000e+00   8.1431601e-01
   5.6900000e+00   8.5488179e-01
   5.7000000e+00   8.1219579e-01
   5.7100000e+00   8.3873759e-01
   5.7200000e+00   8.4824195e-01
   5.7300000e+00   8.4376230e-01
   5.7400000e+00   8.4055242e-01
   5.7500000e+00   8.3380802e-01
   5.7600000e+00   8.4901247e-01
   5.7700000e+00   8.6574036e-01
   5.7800000e+00   8.5535588e-01
   5.7900000e+00   8.6971188e-01
   5.8000000e+00   8.2847271e-01
   5.8100000e+00   8.5021051e-01
   5.8200000e+00   8.3130394e-01
   5.8300000e+00   8.5419665e-01
   5.8400000e+00   8.6250636e-01
   5.8500000e+00   8.3656881e-01
   5.8600000e+00   8.6920420e-01
   5.8700000e+00   8.5140412e-01
   5.8800000e+00   8.7748908e-01
   5.8900000e+00   8.4904584e-01
   5.9000000e+00   8.3786272e-01
   5.9100000e+00   8.4689711e-01
   5.9200000e+00   8.4117536e-01
   5.9300000e+00   8.8566035e-01
   5.9400000e+00   8.4006260e-01
   5.9500000e+00   8.4607751e-01
   5.9600000e+00   8.4206106e-01
   5.9700000e+00   8.5334478e-01
   5.9800000e+00   8.4419394e-01
   5.9900000e+00   8.7683040e-01
   6.0000000e+00   8.7163900e-01
   6.0100000e+00   8.5914414e-01
   6.0200000e+00   8.5762797e-01
   6.0300000e+00   8.5355362e-01
   6.0400000e+00   8.6849751e-01
   6.0500000e+00   8.5152618e-01
   6.0600000e+00   8.8232841e-01
   6.0700000e+00   8.7718851e-01
   6.0800000e+00   8.6969965e-01
   6.0900000e+00   8.9255947e-01
   6.1000000e+00   8.9834362e-01
   6.1100000e+00   8.7053201e-01
   6.1200000e+00   8.8415187e-01
   6.1300000e+00   8.8180344e-01
   6.1400000e+00   8.7754522e-01
   6.1500000e+00   9.0345678e-01
   6.1600000e+00   9.1163437e-01
   6.1700000e+00   8.9483800e-01
   6.1800000e+00   8.7357848e-01
   6.1900000e+00   8.7166036e-01
   6.2000000e+00   8.9549752e-01
   6.2100000e+00   8.8391019e-01
   6.2200000e+00   8.8187171e-01
   6.2300000e+00   8.9694796e-01
   6.2400000e+00   8.7943002e-01
   6.2500000e+00   9.0529145e-01
   6.2600000e+00   8.7510843e-01
   6.2700000e+00   8.7497840e-01
   6.2800000e+00   8.8854736e-01
   6.2900000e+00   8.7903114e-01
   6.3000000e+00   9.2112470e-01
   6.3100000e+00   9.1935504e-01
   6.3200000e+00   8.9773247e-01
   6.3300000e+00   8.8732522e-01
   6.3400000e+00   9.0129805e-01
   6.3500000e+00   9.0149133e-01
   6.3600000e+00   9.1801756e-01
   6.3700000e+00   9.0279596e-01
   6.3800000e+00   9.3094943e-01
   6.3900000e+00   9.2983893e-01
   6.4000000e+00   9.3268482e-01
   6.4100000e+00   9.0328235e-01
   6.4200000e+00   9.0135641e-01
   6.4300000e+00   9.3203484e-01
   6.4400000e+00   8.9905059e-01
   6.4500000e+00   8.9593574e-01
   6.4600000e+00   9.1625414e-01
   6.4700000e+00   9.3633147e-01
   6.4800000e+00   9.1200834e-01
   6.4900000e+00   9.0348686e-01
   6.5000000e+00   8.9744619e-01
   6.5100000e+00   9.4096604e-01
   6.5200000e+00   9.2525384e-01
   6.5300000e+00   9.1477544e-01
   6.5400000e+00   9.2993130e-01
   6.5500000e+00   9.3707144e-01
   6.5600000e+00   9.1490701e-01
   6.5700000e+00   9.3362907e-01
   6.5800000e+00   9.0994386e-01
   6.5900000e+00   9.4843890e-01
   6.6000000e+00   9.3683816e-01
   6.6100000e+00   9.1032835e-01
   6.6200000e+00   9.2485149e-01
   6.6300000e+00   9.3508503e-01
   6.6400000e+00   9.5064953e-01
   6.6500000e+00   9.3132662e-01
   6.6600000e+00   9.3688574e-01
   6.6700000e+00   9.4029795e-01
   6.6800000e+00   9.5310490e-01
   6.6900000e+00   9.1526775e-01
   6.7000000e+00   9.2858611e-01
   6.7100000e+00   9.2459086e-01
   6.7200000e+00   9.4432198e-01
   6.7300000e+00   9.5481435e-01
   6.7400000e+00   9.3545937e-01
   6.7500000e+00   9.5185580e-01
   6.7600000e+00   9.2851829e-01
   6.7700000e+00   9.4031495e-01
   6.7800000e+00   9.3287776e-01
   6.7900000e+00   9.5889044e-01
   6.8000000e+00   9.4845834e-01
   6.8100000e+00   9.5666842e-01
   6.8200000e+00   9.2134213e-01
   6.8300000e+00   9.3038106e-01
   6.8400000e+00   9.5537637e-01
   6.8500000e+00   9.2836515e-01
   6.8600000e+00   9.1982605e-01
   6.8700000e+00   9.4050403e-01
   6.8800000e+00   9.6606599e-01
   6.8900000e+00   9.3286649e-01
   6.9000000e+00   9.4878143e-01
   6.9100000e+00   9.3879679e-01
   6.9200000e+00   9.2267893e-01
   6.9300000e+00   9.4686871e-01
   6.9400000e+00   9.6370213e-01
   6.9500000e+00   9.3579703e-01
   6.9600000e+00   9.2563158e-01
   6.9700000e+00   9.3614323e-01
   6.9800000e+00   9.5733150e-01
   6.9900000e+00   9.4123352e-01
   7.0000000e+00   9.5819893e-01
   7.0100000e+00   9.2632834e-01
   7.0200000e+00   9.6202849e-01
   7.0300000e+00   9.4612095e-01
   7.0400000e+00   9.2867315e-01
   7.0500000e+00   9.4772452e-01
   7.0600000e+00   9.6365799e-01
   7.0700000e+00   9.7432128e-01
   7.0800000e+00   9.7786013e-01
   7.0900000e+00   9.7822829e-01
   7.1000000e+00   9.7426351e-01
   7.1100000e+00   9.7311739e-01
   7.1200000e+00   9.7025738e-01
   7.1300000e+00   9.5832847e-01
   7.1400000e+00   9.5188645e-01
   7.1500000e+00   9.3765542e-01
   7.1600000e+00   9.6437993e-01
   7.1700000e+00   9.7518991e-01
   7.1800000e+00   9.4605755e-01
   7.1900000e+00   9.7466500e-01
   7.2000000e+00   9.3651697e-01
   7.2100000e+00   9.5223448e-01
   7.2200000e+00   9.4701229e-01
   7.2300000e+00   9.4155212e-01
   7.2400000e+00   9.6575160e-01
   7.2500000e+00   9.5030928e-01
   7.2600000e+00   9.8272841e-01
   7.2700000e+00   9.5998220e-01
   7.2800000e+00   9.7224803e-01
   7.2900000e+00   9.3621795e-01
   7.3000000e+00   9.6610385e-01
   7.3100000e+00   9.6490829e-01
   7.3200000e+00   9.7669773e-01
   7.3300000e+00   9.6931382e-01
   7.3400000e+00   9.8070704e-01
   7.3500000e+00   9.8213809e-01
   7.3600000e+00   9.4484856e-01
   7.3700000e+00   9.4707707e-01
   7.3800000e+00   9.7720171e-01
   7.3900000e+00   9.4088678e-01
   7.4000000e+00   9.5753524e-01
   7.4100000e+00   9.5322834e-01
   7.4200000e+00   9.7511904e-01
   7.4300000e+00   9.4379437e-01
   7.4400000e+00   9.7838045e-01
   7.4500000e+00   9.7804982e-01
   7.4600000e+00   9.6568893e-01
   7.4700000e+00   9.5188633e-01
   7.4800000e+00   9.4291014e-01
   7.4900000e+00   9.7079036e-01
   7.5000000e+00   9.4086615e-01
   7.5100000e+00   9.4286023e-01
   7.5200000e+00   9.4635891e-01
   7.5300000e+00   9.6252344e-01
   7.5400000e+00   9.7371821e-01
   7.5500000e+00   9.8300994e-01
   7.5600000e+00   9.6522397e-01
   7.5700000e+00   9.4283259e-01
   7.5800000e+00   9.5617107e-01
   7.5900000e+00   9.7264153e-01
   7.6000000e+00   9.7995431e-01
   7.6100000e+00   9.5516204e-01
   7.6200000e+00   9.6566201e-01
   7.6300000e+00   9.8174904e-01
   7.6400000e+00   9.7063707e-01
   7.6500000e+00   9.6774992e-01
   7.6600000e+00   9.5751511e-01
   7.6700000e+00   9.6159349e-01
   7.6800000e+00   9.8074163e-01
   7.6900000e+00   9.5822892e-01
   7.7000000e+00   9.6422093e-01
   7.7100000e+00   9.5949879e-01
   7.7200000e+00   9.7509814e-01
   7.7300000e+00   9.6951558e-01
   7.7400000e+00   9.7371756e-01
   7.7500000e+00   9.6568160e-01
   7.7600000e+00   9.6104117e-01
   7.7700000e+00   9.6498001e-01
   7.7800000e+00   9.4441796e-01
   7.7900000e+00   9.6161807e-01
   7.8000000e+00   9.8949464e-01
   7.8100000e+00   9.8004487e-01
   7.8200000e+00   9.7742390e-01
   7.8300000e+00   9.7921518e-01
   7.8400000e+00   9.7871685e-01
   7.8500000e+00   9.8300204e-01
   7.8600000e+00   9.7929268e-01
   7.8700000e+00   9.8965984e-01
   7.8800000e+00   9.4623241e-01
   7.8900000e+00   9.6040167e-01
   7.9000000e+00   9.6513002e-01
   7.9100000e+00   9.5335672e-01
   7.9200000e+00   9.4222117e-01
   7.9300000e+00   9.8900872e-01
   7.9400000e+00   9.7652371e-01
   7.9500000e+00   9.4750943e-01
   7.9600000e+00   9.4741076e-01
   7.9700000e+00   9.7515819e-01
   7.9800000e+00   9.5886376e-01
   7.9900000e+00   9.4352797e-01
   8.0000000e+00   9.6013897e-01
   8.0100000e+00   9.4663234e-01
   8.0200000e+00   9.7931102e-01
   8.0300000e+00   9.8575602e-01
   8.0400000e+00   9.3935462e-01
   8.0500000e+00   9.7149220e-01
   8.0600000e+00   9.7278485e-01
   8.0700000e+00   9.5140402e-01
   8.0800000e+00   9.8074319e-01
   8.0900000e+00   9.5314003e-01
   8.1000000e+00   9.3963979e-01
   8.1100000e+00   9.4281358e-01
   8.1200000e+00   9.7789074e-01
   8.1300000e+00   9.7341176e-01
   8.1400000e+00   9.7685403e-01
   8.1500000e+00   9.6871884e-01
   8.1600000e+00   9.7862952e-01
   8.1700000e+00   9.3894297e-01
   8.1800000e+00   9.5729579e-01
   8.1900000e+00   9.4933284e-01
   8.2000000e+00   9.6071881e-01
   8.2100000e+00   9.8053774e-01
   8.2200000e+00   9.5034913e-01
   8.2300000e+00   9.6608847e-01
   8.2400000e+00   9.3725651e-01
   8.2500000e+00   9.4351643e-01
   8.2600000e+00   9.7726082e-01
   8.2700000e+00   9.4511626e-01
   8.2800000e+00   9.7666490e-01
   8.2900000e+00   9.5188077e-01
   8.3000000e+00   9.6833207e-01
   8.3100000e+00   9.3719149e-01
   8.3200000e+00   9.7108334e-01
   8.3300000e+00   9.5913450e-01
   8.3400000e+00   9.8111580e-01
   8.3500000e+00   9.4822773e-01
   8.3600000e+00   9.5235339e-01
   8.3700000e+00   9.3899740e-01
   8.3800000e+00   9.8133449e-01
   8.3900000e+00   9.5449796e-01
   8.4000000e+00   9.3687910e-01
   8.4100000e+00   9.6826152e-01
   8.4200000e+00   9.5754206e-01
   8.4300000e+00   9.4838035e-01
   8.4400000e+00   9.6942377e-01
   8.4500000e+00   9.7331783e-01
   8.4600000e+00   9.4397175e-01
   8.4700000e+00   9.5777404e-01
   8.4800000e+00   9.5257641e-01
   8.4900000e+00   9.3846728e-01
   8.5000000e+00   9.6036865e-01
   8.5100000e+00   9.7697829e-01
   8.5200000e+00   9.3525354e-01
   8.5300000e+00   9.7462326e-01
   8.5400000e+00   9.5690480e-01
   8.5500000e+00   9.5050556e-01
   8.5600000e+00   9.3651181e-01
   8.5700000e+00   9.4102402e-01
   8.5800000e+00   9.5076806e-01
   8.5900000e+00   9.5479069e-01
   8.6000000e+00   9.4563501e-01
   8.6100000e+00   9.6630820e-01
   8.6200000e+00   9.7148565e-01
   8.6300000e+00   9.6385450e-01
   8.6400000e+00   9.4721901e-01
   8.6500000e+00   9.5685309e-01
   8.6600000e+00   9.5844545e-01
   8.6700000e+00   9.3250891e-01
   8.6800000e+00   9.5068992e-01
   8.6900000e+00   9.4114795e-01
   8.7000000e+00   9.5429682e-01
   8.7100000e+00   9.7229166e-01
   8.7200000e+00   9.4620085e-01
   8.7300000e+00   9.2625251e-01
   8.7400000e+00   9.7080963e-01
   8.7500000e+00   9.7032854e-01
   8.7600000e+00   9.4173597e-01
   8.7700000e+00   9.3656101e-01
   8.7800000e+00   9.6264523e-01
   8.7900000e+00   9.4862188e-01
   8.8000000e+00   9.5090948e-01
   8.8100000e+00   9.5676307e-01
   8.8200000e+00   9.2688338e-01
   8.8300000e+00   9.6563264e-01
   8.8400000e+00   9.6889073e-01
   8.8500000e+00   9.2631373e-01
   8.8600000e+00   9.6351840e-01
   8.8700000e+00   9.6643442e-01
   8.8800000e+00   9.2127221e-01
   8.8900000e+00   9.4662999e-01
   8.9000000e+00   9.5270404e-01
   8.9100000e+00   9.3918521e-01
   8.9200000e+00   9.5213451e-01
   8.9300000e+00   9.5755387e-01
   8.9400000e+00   9.4793765e-01
   8.9500000e+00   9.5049185e-01
   8.9600000e+00   9.3254906e-01
   8.9700000e+00   9.6037412e-01
   8.9800000e+00   9.3946797e-01
   8.9900000e+00   9.4945180e-01
   9.0000000e+00   9.5928905e-01
   9.0100000e+00   9.3087058e-01
   9.0200000e+00   9.3714758e-01
   9.0300000e+00   9.4456717e-01
   9.0400000e+00   9.3879529e-01
   9.0500000e+00   9.2086954e-01
   9.0600000e+00   9.5331845e-01
   9.0700000e+00   9.1748000e-01
   9.0800000e+00   9.3708701e-01
   9.0900000e+00   9.1721449e-01
   9.1000000e+00   9.6389363e-01
   9.1100000e+00   9.4097401e-01
   9.1200000e+00   9.6009272e-01
   9.1300000e+00   9.3352878e-01
   9.1400000e+00   9.5834515e-01
   9.1500000e+00   9.2663059e-01
   9.1600000e+00   9.5909041e-01
   9.1700000e+00   9.5812523e-01
   9.1800000e+00   9.3308345e-01
   9.1900000e+00   9.4417011e-01
   9.2000000e+00   9.4106164e-01
   9.2100000e+00   9.5717122e-01
   9.2200000e+00   9.2291897e-01
   9.2300000e+00   9.1216992e-01
   9.2400000e+00   9.5577358e-01
   9.2500000e+00   9.2326941e-01
   9.2600000e+00   9.2352669e-01
   9.2700000e+00   9.4310077e-01
   9.2800000e+00   9.2605396e-01
   9.2900000e+00   9.5188297e-01
   9.3000000e+00   9.5456196e-01
   9.3100000e+00   9.5742319e-01
   9.3200000e+00   9.2947278e-01
   9.3300000e+00   9.4977896e-01
   9.3400000e+00   9.1735005e-01
   9.3500000e+00   9.4053560e-01
   9.3600000e+00   9.4401108e-01
   9.3700000e+00   9.1314130e-01
   9.3800000e+00   9.3519444e-01
   9.3900000e+00   9.5285300e-01
   9.4000000e+00   9.2139881e-01
   9.4100000e+00   9.1974725e-01
   9.4200000e+00   9.4978496e-01
   9.4300000e+00   9.3237491e-01
   9.4400000e+00   9.1501372e-01
   9.4500000e+00   9.1873302e-01
   9.4600000e+00   9.3989325e-01
   9.4700000e+00   9.3494567e-01
   9.4800000e+00   9.2119414e-01
   9.4900000e+00   9.3752420e-01
   9.5000000e+00   9.4201226e-01
   9.5100000e+00   9.2006341e-01
   9.5200000e+00   9.2645221e-01
   9.5300000e+00   9.2376238e-01
   9.5400000e+00   9.4453711e-01
   9.5500000e+00   9.1205915e-01
   9.5600000e+00   9.5020746e-01
   9.5700000e+00   9.1940688e-01
   9.5800000e+00   9.2972599e-01
   9.5900000e+00   9.4375257e-01
   9.6000000e+00   9.3825306e-01
   9.6100000e+00   9.1171942e-01
   9.6200000e+00   9.3889066e-01
   9.6300000e+00   9.1034318e-01
   9.6400000e+00   9.5102468e-01
   9.6500000e+00   9.4788482e-01
   9.6600000e+00   9.2915334e-01
   9.6700000e+00   9.3721447e-01
   9.6800000e+00   9.5192667e-01
   9.6900000e+00   9.0920506e-01
   9.7000000e+00   9.4039129e-01
   9.7100000e+00   9.4398091e-01
   9.7200000e+00   9.4155111e-01
   9.7300000e+00   9.1187709e-01
   9.7400000e+00   9.2362051e-01
   9.7500000e+00   9.0276887e-01
   9.7600000e+00   9.1817003e-01
   9.7700000e+00   9.0850271e-01
   9.7800000e+00   9.2415748e-01
   9.7900000e+00   9.3011150e-01
   9.8000000e+00   9.4096723e-01
   9.8100000e+00   9.2222336e-01
   9.8200000e+00   9.2773600e-01
   9.8300000e+00   9.4726921e-01
   9.8400000e+00   9.4581508e-01
   9.8500000e+00   9.2798185e-01
   9.8600000e+00   9.4567776e-01
   9.8700000e+00   9.0309648e-01
   9.8800000e+00   9.4082106e-01
   9.8900000e+00   9.1702416e-01
   9.9000000e+00   9.1160331e-01
   9.9100000e+00   9.4118167e-01
   9.9200000e+00   9.1736796e-01
   9.9300000e+00   9.0812664e-01
   9.9400000e+00   9.0115890e-01
   9.9500000e+00   9.4742205e-01
   9.9600000e+00   9.3357167e-01
   9.9700000e+00   9.4249106e-01
   9.9800000e+00   9.4632568e-01
   9.9900000e+00   9.3329099e-01
   1.0000000e+01   9.4506501e-01
   1.0010000e+01   9.1194319e-01
   1.0020000e+01   9.4330653e-01
   1.0030000e+01   9.4494704e-01
   1.0040000e+01   9.1386958e-01
   1.0050000e+01   9.0245972e-01
   1.0060000e+01   9.3708612e-01
   1.0070000e+01   9.0289204e-01
   1.0080000e+01   9.3501313e-01
   1.0090000e+01   9.2090216e-01
   1.0100000e+01   9.3100509e-01
   1.0110000e+01   9.0685498e-01
   1.0120000e+01   9.2489182e-01
   1.0130000e+01   9.2995111e-01
   1.0140000e+01   8.9890982e-01
   1.0150000e+01   9.2166976e-01
   1.0160000e+01   9.4241591e-01
   1.0170000e+01   9.0375167e-01
   1.0180000e+01   9.2013018e-01
   1.0190000e+01   9.3093561e-01
   1.0200000e+01   9.1265417e-01
   1.0210000e+01   9.4539347e-01
   1.0220000e+01   9.3255110e-01
   1.0230000e+01   9.0814106e-01
   1.0240000e+01   9.2550500e-01
   1.0250000e+01   9.4169915e-01
   1.0260000e+01   9.2559865e-01
   1.0270000e+01   9.3529520e-01
   1.0280000e+01   9.4239845e-01
   1.0290000e+01   9.3972271e-01
   1.0300000e+01   9.0415260e-01
   1.0310000e+01   9.0704889e-01
   1.0320000e+01   9.0525677e-01
   1.0330000e+01   8.9900562e-01
   1.0340000e+01   8.9800265e-01
   1.0350000e+01   9.2736102e-01
   1.0360000e+01   9.2798306e-01
   1.0370000e+01   9.4347105e-01
   1.0380000e+01   9.3420000e-01
   1.0390000e+01   9.1257714e-01
   1.0400000e+01   9.2229913e-01
   1.0410000e+01   9.1043127e-01
   1.0420000e+01   9.3417064e-01
   1.0430000e+01   9.0337283e-01
   1.0440000e+01   9.3484582e-01
   1.0450000e+01   9.3804420e-01
   1.0460000e+01   9.3482949e-01
   1.0470000e+01   9.1444007e-01
   1.0480000e+01   9.2681629e-01
   1.0490000e+01   9.2106681e-01
   1.0500000e+01   9.0200363e-01
   1.0510000e+01   9.3909942e-01
   1.0520000e+01   9.3198596e-01
   1.0530000e+01   9.1108214e-01
   1.0540000e+01   9.4621919e-01
   1.0550000e+01   9.0696482e-01
   1.0560000e+01   9.1280620e-01
   1.0570000e+01   9.1840339e-01
   1.0580000e+01   9.0970553e-01
   1.0590000e+01   9.0767268e-01
   1.0600000e+01   9.3322963e-01
   1.0610000e+01   9.0703073e-01
   1.0620000e+01   9.2416450e-01
   1.0630000e+01   9.1290286e-01
   1.0640000e+01   9.2128163e-01
   1.0650000e+01   9.4445428e-01
   1.0660000e+01   9.0903908e-01
   1.0670000e+01   8.9834886e-01
   1.0680000e+01   9.4368433e-01
   1.0690000e+01   9.3241352e-01
   1.0700000e+01   9.2421821e-01
   1.0710000e+01   9.2463503e-01
   1.0720000e+01   9.0374025e-01
   1.0730000e+01   9.4850283e-01
   1.0740000e+01   9.1667347e-01
   1.0750000e+01   9.3005511e-01
   1.0760000e+01   9.1853096e-01
   1.0770000e+01   8.9931712e-01
   1.0780000e+01   9.2627128e-01
   1.0790000e+01   9.2453726e-01
   1.0800000e+01   9.1149705e-01
   1.0810000e+01   9.0150588e-01
   1.0820000e+01   9.4140224e-01
   1.0830000e+01   9.0180950e-01
   1.0840000e+01   9.1529589e-01
   1.0850000e+01   9.3873527e-01
   1.0860000e+01   9.4827031e-01
   1.0870000e+01   9.2906108e-01
   1.0880000e+01   9.3872919e-01
   1.0890000e+01   9.3630251e-01
   1.0900000e+01   9.3255913e-01
   1.0910000e+01   9.3333419e-01
   1.0920000e+01   9.4713757e-01
   1.0930000e+01   9.2704925e-01
   1.0940000e+01   9.2031525e-01
   1.0950000e+01   9.3401563e-01
   1.0960000e+01   9.2262039e-01
   1.0970000e+01   9.0733970e-01
   1.0980000e+01   9.2275992e-01
   1.0990000e+01   9.2828697e-01
   1.1000000e+01   9.2076812e-01
   1.1010000e+01   9.2103272e-01
   1.1020000e+01   9.3879570e-01
   1.1030000e+01   9.2745625e-01
   1.1040000e+01   9.2597215e-01
   1.1050000e+01   9.0599750e-01
   1.1060000e+01   9.1422045e-01
   1.1070000e+01   9.2417140e-01
   1.1080000e+01   9.3380830e-01
   1.1090000e+01   9.3750056e-01
   1.1100000e+01   9.5177852e-01
   1.1110000e+01   9.4887771e-01
   1.1120000e+01   9.0700105e-01
   1.1130000e+01   9.5018933e-01
   1.1140000e+01   9.1077603e-01
   1.1150000e+01   9.5128403e-01
   1.1160000e+01   9.3273775e-01
   1.1170000e+01   9.1502601e-01
   1.1180000e+01   9.0665773e-01
   1.1190000e+01   9.1827441e-01
   1.1200000e+01   9.4408002e-01
   1.1210000e+01   9.0736973e-01
   1.1220000e+01   9.2139036e-01
   1.1230000e+01   9.1040071e-01
   1.1240000e+01   9.1184359e-01
   1.1250000e+01   9.0717738e-01
   1.1260000e+01   9.3929856e-01
   1.1270000e+01   9.0866776e-01
   1.1280000e+01   9.3532125e-01
   1.1290000e+01   9.1330958e-01
   1.1300000e+01   9.3733104e-01
   1.1310000e+01   9.2983667e-01
   1.1320000e+01   9.1926910e-01
   1.1330000e+01   9.4671410e-01
   1.1340000e+01   9.4624747e-01
   1.1350000e+01   9.5238211e-01
   1.1360000e+01   9.0563490e-01
   1.1370000e+01   9.3778378e-01
   1.1380000e+01   9.0627859e-01
   1.1390000e+01   9.1137907e-01
   1.1400000e+01   9.1154568e-01
   1.1410000e+01   9.2471005e-01
   1.1420000e+01   9.1848432e-01
   1.1430000e+01   9.2396095e-01
   1.1440000e+01   9.1928560e-01
   1.1450000e+01   9.2630913e-01
   1.1460000e+01   9.2815976e-01
   1.1470000e+01   9.3926425e-01
   1.1480000e+01   9.4679116e-01
   1.1490000e+01   9.2106695e-01
   1.1500000e+01   9.4992062e-01
   1.1510000e+01   9.4489974e-01
   1.1520000e+01   9.4933676e-01
   1.1530000e+01   9.1729714e-01
   1.1540000e+01   9.1161570e-01
   1.1550000e+01   9.3901824e-01
   1.1560000e+01   9.4373568e-01
   1.1570000e+01   9.1439669e-01
   1.1580000e+01   9.1376518e-01
   1.1590000e+01   9.3902430e-01
   1.1600000e+01   9.4990327e-01
   1.1610000e+01   9.5017995e-01
   1.1620000e+01   9.1408268e-01
   1.1630000e+01   9.4633491e-01
   1.1640000e+01   9.5512429e-01
   1.1650000e+01   9.3270387e-01
   1.1660000e+01   9.1378779e-01
   1.1670000e+01   9.2247874e-01
   1.1680000e+01   9.4716979e-01
   1.1690000e+01   9.1276310e-01
   1.1700000e+01   9.3212688e-01
   1.1710000e+01   9.3807397e-01
   1.1720000e+01   9.5891730e-01
   1.1730000e+01   9.2183409e-01
   1.1740000e+01   9.1736850e-01
   1.1750000e+01   9.4402617e-01
   1.1760000e+01   9.1729916e-01
   1.1770000e+01   9.6121704e-01
   1.1780000e+01   9.2462312e-01
   1.1790000e+01   9.4268755e-01
   1.1800000e+01   9.5336849e-01
   1.1810000e+01   9.5420048e-01
   1.1820000e+01   9.3731386e-01
   1.1830000e+01   9.5106250e-01
   1.1840000e+01   9.5894573e-01
   1.1850000e+01   9.5840336e-01
   1.1860000e+01   9.2423079e-01
   1.1870000e+01   9.4103628e-01
   1.1880000e+01   9.5308301e-01
   1.1890000e+01   9.2373389e-01
   1.1900000e+01   9.5152055e-01
   1.1910000e+01   9.3811823e-01
   1.1920000e+01   9.4366741e-01
   1.1930000e+01   9.2769597e-01
   1.1940000e+01   9.1907370e-01
   1.1950000e+01   9.2990313e-01
   1.1960000e+01   9.6101676e-01
   1.1970000e+01   9.3884988e-01
   1.1980000e+01   9.2896090e-01
   1.1990000e+01   9.5379944e-01
   1.2000000e+01   9.5442276e-01
   1.2010000e+01   9.1704220e-01
   1.2020000e+01   9.6013941e-01
   1.2030000e+01   9.5621129e-01
   1.2040000e+01   9.3267352e-01
   1.2050000e+01   9.5007973e-01
   1.2060000e+01   9.3160423e-01
   1.2070000e+01   9.6344891e-01
   1.2080000e+01   9.3121085e-01
   1.2090000e+01   9.2571807e-01
   1.2100000e+01   9.5469337e-01
   1.2110000e+01   9.4145244e-01
   1.2120000e+01   9.5042832e-01
   1.2130000e+01   9.6624495e-01
   1.2140000e+01   9.3372726e-01
   1.2150000e+01   9.2205726e-01
   1.2160000e+01   9.5796509e-01
   1.2170000e+01   9.3682223e-01
   1.2180000e+01   9.4796632e-01
   1.2190000e+01   9.2803613e-01
   1.2200000e+01   9.2287279e-01
   1.2210000e+01   9.2686713e-01
   1.2220000e+01   9.6068454e-01
   1.2230000e+01   9.3454489e-01
   1.2240000e+01   9.3884717e-01
   1.2250000e+01   9.5234584e-01
   1.2260000e+01   9.6083191e-01
   1.2270000e+01   9.5843123e-01
   1.2280000e+01   9.3898076e-01
   1.2290000e+01   9.2991869e-01
   1.2300000e+01   9.5290374e-01
   1.2310000e+01   9.2091151e-01
   1.2320000e+01   9.3502773e-01
   1.2330000e+01   9.5296493e-01
   1.2340000e+01   9.5078967e-01
   1.2350000e+01   9.3760091e-01
   1.2360000e+01   9.7093397e-01
   1.2370000e+01   9.2779761e-01
   1.2380000e+01   9.5857851e-01
   1.2390000e+01   9.2976379e-01
   1.2400000e+01   9.4381301e-01
   1.2410000e+01   9.6383991e-01
   1.2420000e+01   9.4036974e-01
   1.2430000e+01   9.2633208e-01
   1.2440000e+01   9.5051176e-01
   1.2450000e+01   9.3650668e-01
   1.2460000e+01   9.2955696e-01
   1.2470000e+01   9.5808039e-01
   1.2480000e+01   9.4753568e-01
   1.2490000e+01   9.3251838e-01
   1.2500000e+01   9.2858478e-01
   1.2510000e+01   9.3374409e-01
   1.2520000e+01   9.3054232e-01
   1.2530000e+01   9.4013395e-01
   1.2540000e+01   9.7161053e-01
   1.2550000e+01   9.5082790e-01
   1.2560000e+01   9.3674306e-01
