  -30.0000000       1.59516118E-12   1.59559963E-12
  -29.9400005       1.60155049E-12   1.60199068E-12
  -29.8800011       1.60797797E-12   1.60842455E-12
  -29.8200016       1.61444447E-12   1.61490125E-12
  -29.7600021       1.62094969E-12   1.62141015E-12
  -29.7000027       1.62749436E-12   1.62795656E-12
  -29.6400032       1.63407872E-12   1.63454048E-12
  -29.5800037       1.64070309E-12   1.64117255E-12
  -29.5200043       1.64736790E-12   1.64783681E-12
  -29.4600048       1.65407325E-12   1.65454922E-12
  -29.4000053       1.66081970E-12   1.66129924E-12
  -29.3400059       1.66760768E-12   1.66809210E-12
  -29.2800064       1.67443717E-12   1.67492235E-12
  -29.2200069       1.68130841E-12   1.68179554E-12
  -29.1600075       1.68822226E-12   1.68871687E-12
  -29.1000080       1.69517883E-12   1.69567583E-12
  -29.0400085       1.70217855E-12   1.70268292E-12
  -28.9800091       1.70922141E-12   1.70972752E-12
  -28.9200096       1.71630798E-12   1.71682037E-12
  -28.8600101       1.72343899E-12   1.72395605E-12
  -28.8000107       1.73061468E-12   1.73113455E-12
  -28.7400112       1.73783492E-12   1.73836130E-12
  -28.6800117       1.74510005E-12   1.74563088E-12
  -28.6200123       1.75241137E-12   1.75294339E-12
  -28.5600128       1.75976887E-12   1.76030935E-12
  -28.5000134       1.76717245E-12   1.76771824E-12
  -28.4400139       1.77462277E-12   1.77516996E-12
  -28.3800144       1.78212046E-12   1.78266993E-12
  -28.3200150       1.78966520E-12   1.79021815E-12
  -28.2600155       1.79725863E-12   1.79781981E-12
  -28.2000160       1.80490020E-12   1.80546442E-12
  -28.1400166       1.81259055E-12   1.81316258E-12
  -28.0800171       1.82032991E-12   1.82090909E-12
  -28.0200176       1.82811925E-12   1.82869822E-12
  -27.9600182       1.83595869E-12   1.83654112E-12
  -27.9000187       1.84384842E-12   1.84443736E-12
  -27.8400192       1.85178934E-12   1.85238738E-12
  -27.7800198       1.85978164E-12   1.86038554E-12
  -27.7200203       1.86782512E-12   1.86843184E-12
  -27.6600208       1.87592108E-12   1.87653192E-12
  -27.6000214       1.88407016E-12   1.88468533E-12
  -27.5400219       1.89227215E-12   1.89289253E-12
  -27.4800224       1.90052835E-12   1.90115328E-12
  -27.4200230       1.90883810E-12   1.90946738E-12
  -27.3600235       1.91720251E-12   1.91784067E-12
  -27.3000240       1.92562177E-12   1.92626188E-12
  -27.2400246       1.93409720E-12   1.93474230E-12
  -27.1800251       1.94262770E-12   1.94328147E-12
  -27.1200256       1.95121545E-12   1.95187421E-12
  -27.0600262       1.95986023E-12   1.96053135E-12
  -27.0000267       1.96856225E-12   1.96923142E-12
  -26.9400272       1.97732282E-12   1.97800088E-12
  -26.8800278       1.98614129E-12   1.98682412E-12
  -26.8200283       1.99501917E-12   1.99570612E-12
  -26.7600288       2.00395711E-12   2.00465252E-12
  -26.7000294       2.01295469E-12   2.01365790E-12
  -26.6400299       2.02201255E-12   2.02272205E-12
  -26.5800304       2.03113242E-12   2.03184518E-12
  -26.5200310       2.04031323E-12   2.04103813E-12
  -26.4600315       2.04955757E-12   2.05028442E-12
  -26.4000320       2.05886393E-12   2.05959512E-12
  -26.3400326       2.06823382E-12   2.06897542E-12
  -26.2800331       2.07766833E-12   2.07840928E-12
  -26.2200336       2.08716724E-12   2.08791816E-12
  -26.1600342       2.09673121E-12   2.09749666E-12
  -26.1000347       2.10636109E-12   2.10712871E-12
  -26.0400352       2.11605755E-12   2.11683579E-12
  -25.9800358       2.12582035E-12   2.12660727E-12
  -25.9200363       2.13565168E-12   2.13644814E-12
  -25.8600368       2.14555131E-12   2.14634820E-12
  -25.8000374       2.15551925E-12   2.15632308E-12
  -25.7400379       2.16555701E-12   2.16637298E-12
  -25.6800385       2.17566568E-12   2.17648187E-12
  -25.6200390       2.18584460E-12   2.18667120E-12
  -25.5600395       2.19609530E-12   2.19693534E-12
  -25.5000401       2.20641821E-12   2.20725846E-12
  -25.4400406       2.21681332E-12   2.21766746E-12
  -25.3800411       2.22728303E-12   2.22814584E-12
  -25.3200417       2.23782668E-12   2.23868862E-12
  -25.2600422       2.24844535E-12   2.24932247E-12
  -25.2000427       2.25913884E-12   2.26002073E-12
  -25.1400433       2.26990995E-12   2.27081006E-12
  -25.0800438       2.28075761E-12   2.28166336E-12
  -25.0200443       2.29168334E-12   2.29259732E-12
  -24.9600449       2.30268799E-12   2.30360089E-12
  -24.9000454       2.31377135E-12   2.31469531E-12
  -24.8400459       2.32493517E-12   2.32587040E-12
  -24.7800465       2.33617986E-12   2.33713092E-12
  -24.7200470       2.34750674E-12   2.34846127E-12
  -24.6600475       2.35891558E-12   2.35988269E-12
  -24.6000481       2.37040769E-12   2.37137892E-12
  -24.5400486       2.38198415E-12   2.38296644E-12
  -24.4800491       2.39364539E-12   2.39463961E-12
  -24.4200497       2.40539294E-12   2.40639301E-12
  -24.3600502       2.41722636E-12   2.41824312E-12
  -24.3000507       2.42914716E-12   2.43016805E-12
  -24.2400513       2.44115730E-12   2.44219467E-12
  -24.1800518       2.45325591E-12   2.45430174E-12
  -24.1200523       2.46544473E-12   2.46649988E-12
  -24.0600529       2.47772441E-12   2.47878909E-12
  -24.0000534       2.49009624E-12   2.49116938E-12
  -23.9400539       2.50256109E-12   2.50364074E-12
  -23.8800545       2.51511919E-12   2.51621922E-12
  -23.8200550       2.52777226E-12   2.52887815E-12
  -23.7600555       2.54052075E-12   2.54163877E-12
  -23.7000561       2.55336594E-12   2.55449589E-12
  -23.6400566       2.56630893E-12   2.56744929E-12
  -23.5800571       2.57935036E-12   2.58050460E-12
  -23.5200577       2.59249089E-12   2.59365619E-12
  -23.4600582       2.60573247E-12   2.60690970E-12
  -23.4000587       2.61907531E-12   2.62026512E-12
  -23.3400593       2.63252159E-12   2.63372202E-12
  -23.2800598       2.64607108E-12   2.64728625E-12
  -23.2200603       2.65972530E-12   2.66094156E-12
  -23.1600609       2.67348491E-12   2.67472004E-12
  -23.1000614       2.68735229E-12   2.68860043E-12
  -23.0400620       2.70132744E-12   2.70259314E-12
  -22.9800625       2.71541231E-12   2.71669297E-12
  -22.9200630       2.72960691E-12   2.73089472E-12
  -22.8600636       2.74391295E-12   2.74521443E-12
  -22.8000641       2.75833176E-12   2.75965167E-12
  -22.7400646       2.77286440E-12   2.77419624E-12
  -22.6800652       2.78751176E-12   2.78885877E-12
  -22.6200657       2.80227621E-12   2.80363363E-12
  -22.5600662       2.81715775E-12   2.81853707E-12
  -22.5000668       2.83215769E-12   2.83355305E-12
  -22.4400673       2.84727819E-12   2.84868158E-12
  -22.3800678       2.86251968E-12   2.86393869E-12
  -22.3200684       2.87788370E-12   2.87931896E-12
  -22.2600689       2.89337131E-12   2.89481698E-12
  -22.2000694       2.90898490E-12   2.91045443E-12
  -22.1400700       2.92472470E-12   2.92620962E-12
  -22.0800705       2.94059243E-12   2.94209362E-12
  -22.0200710       2.95659005E-12   2.95810598E-12
  -21.9600716       2.97271734E-12   2.97425235E-12
  -21.9000721       2.98897712E-12   2.99052710E-12
  -21.8400726       3.00537069E-12   3.00693606E-12
  -21.7800732       3.02189979E-12   3.02348402E-12
  -21.7200737       3.03856528E-12   3.04016079E-12
  -21.6600742       3.05536911E-12   3.05698218E-12
  -21.6000748       3.07231150E-12   3.07394821E-12
  -21.5400753       3.08939571E-12   3.09105345E-12
  -21.4800758       3.10662347E-12   3.10828728E-12
  -21.4200764       3.12399434E-12   3.12568179E-12
  -21.3600769       3.14151179E-12   3.14321551E-12
  -21.3000774       3.15917713E-12   3.16091012E-12
  -21.2400780       3.17699101E-12   3.17873852E-12
  -21.1800785       3.19495580E-12   3.19672240E-12
  -21.1200790       3.21307369E-12   3.21486696E-12
  -21.0600796       3.23134640E-12   3.23315615E-12
  -21.0000801       3.24977371E-12   3.25160059E-12
  -20.9400806       3.26835954E-12   3.27021136E-12
  -20.8800812       3.28710626E-12   3.28897716E-12
  -20.8200817       3.30601280E-12   3.30790386E-12
  -20.7600822       3.32508413E-12   3.32699666E-12
  -20.7000828       3.34431983E-12   3.34625556E-12
  -20.6400833       3.36372380E-12   3.36568577E-12
  -20.5800838       3.38329668E-12   3.38527665E-12
  -20.5200844       3.40304000E-12   3.40504448E-12
  -20.4600849       3.42295658E-12   3.42498903E-12
  -20.4000854       3.44304901E-12   3.44510488E-12
  -20.3400860       3.46331752E-12   3.46539225E-12
  -20.2800865       3.48376623E-12   3.48586177E-12
  -20.2200871       3.50439512E-12   3.50652406E-12
  -20.1600876       3.52520899E-12   3.52736330E-12
  -20.1000881       3.54620782E-12   3.54838468E-12
  -20.0400887       3.56739486E-12   3.56959883E-12
  -19.9800892       3.58877273E-12   3.59100054E-12
  -19.9200897       3.61034249E-12   3.61260024E-12
  -19.8600903       3.63210698E-12   3.63438771E-12
  -19.8000908       3.65406880E-12   3.65638379E-12
  -19.7400913       3.67622989E-12   3.67856787E-12
  -19.6800919       3.69859265E-12   3.70096054E-12
  -19.6200924       3.72116053E-12   3.72355662E-12
  -19.5600929       3.74393485E-12   3.74636216E-12
  -19.5000935       3.76691907E-12   3.76938151E-12
  -19.4400940       3.79011449E-12   3.79259948E-12
  -19.3800945       3.81352458E-12   3.81604210E-12
  -19.3200951       3.83715238E-12   3.83970416E-12
  -19.2600956       3.86100050E-12   3.86357569E-12
  -19.2000961       3.88507195E-12   3.88768271E-12
  -19.1400967       3.90936719E-12   3.91200917E-12
  -19.0800972       3.93389184E-12   3.93657155E-12
  -19.0200977       3.95864721E-12   3.96136422E-12
  -18.9600983       3.98363764E-12   3.98638761E-12
  -18.9000988       4.00886399E-12   4.01165169E-12
  -18.8400993       4.03433103E-12   4.03714085E-12
  -18.7800999       4.06003963E-12   4.06289238E-12
  -18.7201004       4.08599543E-12   4.08887984E-12
  -18.6601009       4.11220190E-12   4.11512404E-12
  -18.6001015       4.13865903E-12   4.14161500E-12
  -18.5401020       4.16537334E-12   4.16837398E-12
  -18.4801025       4.19234569E-12   4.19538970E-12
  -18.4201031       4.21958085E-12   4.22266302E-12
  -18.3601036       4.24708229E-12   4.25020392E-12
  -18.3001041       4.27485261E-12   4.27801241E-12
  -18.2401047       4.30289571E-12   4.30610539E-12
  -18.1801052       4.33121464E-12   4.33446031E-12
  -18.1201057       4.35981503E-12   4.36309409E-12
  -18.0601063       4.38869817E-12   4.39203318E-12
  -18.0001068       4.41787015E-12   4.42124028E-12
  -17.9401073       4.44733183E-12   4.45075270E-12
  -17.8801079       4.47708927E-12   4.48055959E-12
  -17.8201084       4.50714683E-12   4.51066138E-12
  -17.7601089       4.53750579E-12   4.54106284E-12
  -17.7001095       4.56817310E-12   4.57178045E-12
  -17.6401100       4.59915266E-12   4.60280902E-12
  -17.5801105       4.63044793E-12   4.63415330E-12
  -17.5201111       4.66206240E-12   4.66581938E-12
  -17.4601116       4.69399996E-12   4.69781722E-12
  -17.4001122       4.72626886E-12   4.73012601E-12
  -17.3401127       4.75886951E-12   4.76278825E-12
  -17.2801132       4.79180758E-12   4.79577185E-12
  -17.2201138       4.82509041E-12   4.82911454E-12
  -17.1601143       4.85871890E-12   4.86279463E-12
  -17.1001148       4.89269909E-12   4.89683381E-12
  -17.0401154       4.92703664E-12   4.93123728E-12
  -16.9801159       4.96173718E-12   4.96598899E-12
  -16.9201164       4.99680375E-12   5.00111541E-12
  -16.8601170       5.03224372E-12   5.03662780E-12
  -16.8001175       5.06806186E-12   5.07250448E-12
  -16.7401180       5.10426380E-12   5.10877191E-12
  -16.6801186       5.14085172E-12   5.14542532E-12
  -16.6201191       5.17783429E-12   5.18246990E-12
  -16.5601196       5.21521888E-12   5.21991608E-12
  -16.5001202       5.25300680E-12   5.25777468E-12
  -16.4401207       5.29120844E-12   5.29603531E-12
  -16.3801212       5.32982382E-12   5.33472442E-12
  -16.3201218       5.36886464E-12   5.37385240E-12
  -16.2601223       5.40833524E-12   5.41338285E-12
  -16.2001228       5.44824299E-12   5.45337343E-12
  -16.1401234       5.48859265E-12   5.49379812E-12
  -16.0801239       5.52939161E-12   5.53466214E-12
  -16.0201244       5.57064551E-12   5.57600841E-12
  -15.9601240       5.61236084E-12   5.61779399E-12
  -15.9001236       5.65454844E-12   5.66006703E-12
  -15.8401232       5.69721137E-12   5.70280585E-12
  -15.7801228       5.74035828E-12   5.74604860E-12
  -15.7201223       5.78399524E-12   5.78977317E-12
  -15.6601219       5.82813181E-12   5.83399648E-12
  -15.6001215       5.87277449E-12   5.87871201E-12
  -15.5401211       5.91792977E-12   5.92397442E-12
  -15.4801207       5.96360808E-12   5.96975074E-12
  -15.4201202       6.00981591E-12   6.01605788E-12
  -15.3601198       6.05656063E-12   6.06288977E-12
  -15.3001194       6.10385180E-12   6.11027852E-12
  -15.2401190       6.15169938E-12   6.15822454E-12
  -15.1801186       6.20010900E-12   6.20673868E-12
  -15.1201181       6.24909239E-12   6.25583136E-12
  -15.0601177       6.29865604E-12   6.30550256E-12
  -15.0001173       6.34881037E-12   6.35576270E-12
  -14.9401169       6.39956664E-12   6.40663390E-12
  -14.8801165       6.45093180E-12   6.45811573E-12
  -14.8201160       6.50291583E-12   6.51020860E-12
  -14.7601156       6.55552782E-12   6.56294376E-12
  -14.7001152       6.60878210E-12   6.61631123E-12
  -14.6401148       6.66268473E-12   6.67034310E-12
  -14.5801144       6.71724872E-12   6.72502852E-12
  -14.5201139       6.77248362E-12   6.78038918E-12
  -14.4601135       6.82840156E-12   6.83644591E-12
  -14.4001131       6.88501253E-12   6.89317744E-12
  -14.3401127       6.94233039E-12   6.95062714E-12
  -14.2801123       7.00036426E-12   7.00881627E-12
  -14.2201118       7.05912542E-12   7.06771230E-12
  -14.1601114       7.11862860E-12   7.12734776E-12
  -14.1001110       7.17888726E-12   7.18776514E-12
  -14.0401106       7.23991006E-12   7.24894320E-12
  -13.9801102       7.30171219E-12   7.31089321E-12
  -13.9201097       7.36430795E-12   7.37365724E-12
  -13.8601093       7.42771036E-12   7.43721404E-12
  -13.8001089       7.49193242E-12   7.50160611E-12
  -13.7401085       7.55698889E-12   7.56682390E-12
  -13.6801081       7.62289364E-12   7.63289865E-12
  -13.6201077       7.68966141E-12   7.69984076E-12
  -13.5601072       7.75730868E-12   7.76767279E-12
  -13.5001068       7.82585021E-12   7.83639386E-12
  -13.4401064       7.89530247E-12   7.90603607E-12
  -13.3801060       7.96567760E-12   7.97659942E-12
  -13.3201056       8.03699728E-12   8.04811686E-12
  -13.2601051       8.10927714E-12   8.12059881E-12
  -13.2001047       8.18253364E-12   8.19405568E-12
  -13.1401043       8.25678415E-12   8.26851955E-12
  -13.0801039       8.33204686E-12   8.34398002E-12
  -13.0201035       8.40833913E-12   8.42051168E-12
  -12.9601030       8.48568091E-12   8.49807204E-12
  -12.9001026       8.56409214E-12   8.57671399E-12
  -12.8401022       8.64359279E-12   8.65643841E-12
  -12.7801018       8.72420018E-12   8.73728867E-12
  -12.7201014       8.80593775E-12   8.81927344E-12
  -12.6601009       8.88882631E-12   8.90240485E-12
  -12.6001005       8.97288667E-12   8.98673670E-12
  -12.5401001       9.05814226E-12   9.07224729E-12
  -12.4800997       9.14461128E-12   9.15898954E-12
  -12.4200993       9.23232324E-12   9.24698512E-12
  -12.3600988       9.32129894E-12   9.33622363E-12
  -12.3000984       9.41156441E-12   9.42678054E-12
  -12.2400980       9.50313959E-12   9.51865496E-12
  -12.1800976       9.59605225E-12   9.61187987E-12
  -12.1200972       9.69033187E-12   9.70645439E-12
  -12.0600967       9.78600360E-12   9.80244271E-12
  -12.0000963       9.88309348E-12   9.89987779E-12
  -11.9400959       9.98163097E-12   9.99873795E-12
  -11.8800955       1.00816421E-11   1.00990978E-11
  -11.8200951       1.01831625E-11   1.02009581E-11
  -11.7600946       1.02862155E-11   1.03043719E-11
  -11.7000942       1.03908332E-11   1.04093609E-11
  -11.6400938       1.04970494E-11   1.05159562E-11
  -11.5800934       1.06048980E-11   1.06241916E-11
  -11.5200930       1.07144120E-11   1.07340976E-11
  -11.4600925       1.08256243E-11   1.08457184E-11
  -11.4000921       1.09385669E-11   1.09590861E-11
  -11.3400917       1.10532824E-11   1.10742318E-11
  -11.2800913       1.11698038E-11   1.11911990E-11
  -11.2200909       1.12881718E-11   1.13100198E-11
  -11.1600904       1.14084211E-11   1.14307262E-11
  -11.1000900       1.15305968E-11   1.15533720E-11
  -11.0400896       1.16547362E-11   1.16780101E-11
  -10.9800892       1.17808818E-11   1.18046527E-11
  -10.9200888       1.19090770E-11   1.19333736E-11
  -10.8600883       1.20393669E-11   1.20642047E-11
  -10.8000879       1.21718000E-11   1.21971573E-11
  -10.7400875       1.23064172E-11   1.23323496E-11
  -10.6800871       1.24432747E-11   1.24697700E-11
  -10.6200867       1.25824134E-11   1.26095159E-11
  -10.5600863       1.27238914E-11   1.27515862E-11
  -10.5000858       1.28677572E-11   1.28960887E-11
  -10.4400854       1.30140647E-11   1.30430345E-11
  -10.3800850       1.31628718E-11   1.31924983E-11
  -10.3200846       1.33142282E-11   1.33445329E-11
  -10.2600842       1.34682014E-11   1.34992139E-11
  -10.2000837       1.36248443E-11   1.36565845E-11
  -10.1400833       1.37842290E-11   1.38166874E-11
  -10.0800829       1.39464091E-11   1.39796508E-11
  -10.0200825       1.41114542E-11   1.41454634E-11
  -9.96008205       1.42794301E-11   1.43142555E-11
  -9.90008163       1.44504070E-11   1.44860582E-11
  -9.84008121       1.46244596E-11   1.46609790E-11
  -9.78008080       1.48016599E-11   1.48390484E-11
  -9.72008038       1.49820781E-11   1.50203877E-11
  -9.66007996       1.51657992E-11   1.52050247E-11
  -9.60007954       1.53528995E-11   1.53931035E-11
  -9.54007912       1.55434710E-11   1.55846516E-11
  -9.48007870       1.57375883E-11   1.57797907E-11
  -9.42007828       1.59353399E-11   1.59786143E-11
  -9.36007786       1.61368280E-11   1.61811883E-11
  -9.30007744       1.63421325E-11   1.63876291E-11
  -9.24007702       1.65513627E-11   1.65980025E-11
  -9.18007660       1.67646071E-11   1.68124490E-11
  -9.12007618       1.69819783E-11   1.70310606E-11
  -9.06007576       1.72035736E-11   1.72539275E-11
  -9.00007534       1.74295092E-11   1.74811866E-11
  -8.94007492       1.76598926E-11   1.77129353E-11
  -8.88007450       1.78948523E-11   1.79492914E-11
  -8.82007408       1.81344956E-11   1.81903728E-11
  -8.76007366       1.83789563E-11   1.84363497E-11
  -8.70007324       1.86283558E-11   1.86872774E-11
  -8.64007282       1.88828345E-11   1.89433573E-11
  -8.58007240       1.91425278E-11   1.92047090E-11
  -8.52007198       1.94075745E-11   1.94714609E-11
  -8.46007156       1.96781237E-11   1.97437951E-11
  -8.40007114       1.99543299E-11   2.00218193E-11
  -8.34007072       2.02363525E-11   2.03057449E-11
  -8.28007030       2.05243444E-11   2.05957040E-11
  -8.22006989       2.08184858E-11   2.08918785E-11
  -8.16006947       2.11189451E-11   2.11944264E-11
  -8.10006905       2.14259045E-11   2.15035854E-11
  -8.04006863       2.17395563E-11   2.18194612E-11
  -7.98006868       2.20600829E-11   2.21423452E-11
  -7.92006874       2.23876924E-11   2.24723868E-11
  -7.86006880       2.27225929E-11   2.28097992E-11
  -7.80006886       2.30649996E-11   2.31548183E-11
  -7.74006891       2.34151414E-11   2.35076385E-11
  -7.68006897       2.37732455E-11   2.38685894E-11
  -7.62006903       2.41395497E-11   2.42378010E-11
  -7.56006908       2.45143125E-11   2.46155735E-11
  -7.50006914       2.48977904E-11   2.50021549E-11
  -7.44006920       2.52902543E-11   2.53979164E-11
  -7.38006926       2.56919763E-11   2.58030420E-11
  -7.32006931       2.61032567E-11   2.62178335E-11
  -7.26006937       2.65243955E-11   2.66426083E-11
  -7.20006943       2.69557016E-11   2.70777342E-11
  -7.14006948       2.73975131E-11   2.75235112E-11
  -7.08006954       2.78501631E-11   2.79802796E-11
  -7.02006960       2.83140022E-11   2.84484051E-11
  -6.96006966       2.87894049E-11   2.89282522E-11
  -6.90006971       2.92767408E-11   2.94202267E-11
  -6.84006977       2.97764209E-11   2.99247398E-11
  -6.78006983       3.02888652E-11   3.04422355E-11
  -6.72006989       3.08144898E-11   3.09731268E-11
  -6.66006994       3.13537599E-11   3.15178578E-11
  -6.60007000       3.19071367E-11   3.20769487E-11
  -6.54007006       3.24751094E-11   3.26509098E-11
  -6.48007011       3.30581985E-11   3.32401918E-11
  -6.42007017       3.36569418E-11   3.38454369E-11
  -6.36007023       3.42718805E-11   3.44671409E-11
  -6.30007029       3.49036008E-11   3.51059667E-11
  -6.24007034       3.55527170E-11   3.57624694E-11
  -6.18007040       3.62198535E-11   3.64373809E-11
  -6.12007046       3.69056903E-11   3.71312980E-11
  -6.06007051       3.76109074E-11   3.78450153E-11
  -6.00007057       3.83362266E-11   3.85791954E-11
  -5.94007063       3.90824248E-11   3.93346779E-11
  -5.88007069       3.98502967E-11   4.01122503E-11
  -5.82007074       4.06406610E-11   4.09128183E-11
  -5.76007080       4.14543816E-11   4.17372144E-11
  -5.70007086       4.22924057E-11   4.25864240E-11
  -5.64007092       4.31556631E-11   4.34614532E-11
  -5.58007097       4.40451911E-11   4.43632700E-11
  -5.52007103       4.49620063E-11   4.52930506E-11
  -5.46007109       4.59072363E-11   4.62518426E-11
  -5.40007114       4.68820364E-11   4.72409369E-11
  -5.34007120       4.78876348E-11   4.82615337E-11
  -5.28007126       4.89253152E-11   4.93150416E-11
  -5.22007132       4.99964410E-11   5.04027479E-11
  -5.16007137       5.11023966E-11   5.15262000E-11
  -5.10007143       5.22447224E-11   5.26868930E-11
  -5.04007149       5.34249416E-11   5.38865202E-11
  -4.98007154       5.46447540E-11   5.51267122E-11
  -4.92007160       5.59058945E-11   5.64094431E-11
  -4.86007166       5.72101741E-11   5.77364614E-11
  -4.80007172       5.85595739E-11   5.91098351E-11
  -4.74007177       5.99561303E-11   6.05316977E-11
  -4.68007183       6.14019877E-11   6.20043045E-11
  -4.62007189       6.28994634E-11   6.35300076E-11
  -4.56007195       6.44509376E-11   6.51113816E-11
  -4.50007200       6.60589569E-11   6.67510006E-11
  -4.44007206       6.77262482E-11   6.84517582E-11
  -4.38007212       6.94556704E-11   7.02165617E-11
  -4.32007217       7.12502002E-11   7.20486101E-11
  -4.26007223       7.31130781E-11   7.39512410E-11
  -4.20007229       7.50476625E-11   7.59280139E-11
  -4.14007235       7.70575825E-11   7.79826342E-11
  -4.08007240       7.91466198E-11   8.01191197E-11
  -4.02007246       8.13188614E-11   8.23416960E-11
  -3.96007252       8.35785399E-11   8.46548526E-11
  -3.90007257       8.59302074E-11   8.70634120E-11
  -3.84007263       8.83788112E-11   8.95724050E-11
  -3.78007269       9.09293751E-11   9.21871884E-11
  -3.72007275       9.35874434E-11   9.49136186E-11
  -3.66007280       9.63588306E-11   9.77577741E-11
  -3.60007286       9.92497196E-11   1.00726080E-10
  -3.54007292       1.02266702E-10   1.03825448E-10
  -3.48007298       1.05416793E-10   1.07063351E-10
  -3.42007303       1.08707487E-10   1.10447589E-10
  -3.36007309       1.12146729E-10   1.13986480E-10
  -3.30007315       1.15743040E-10   1.17688886E-10
  -3.24007320       1.19505461E-10   1.21564439E-10
  -3.18007326       1.23443589E-10   1.25623109E-10
  -3.12007332       1.27567776E-10   1.29875583E-10
  -3.06007338       1.31888903E-10   1.34333475E-10
  -3.00007343       1.36418654E-10   1.39008693E-10
  -2.94007349       1.41169465E-10   1.43914297E-10
  -2.88007355       1.46154575E-10   1.49063900E-10
  -2.82007360       1.51388055E-10   1.54472019E-10
  -2.76007366       1.56884852E-10   1.60154015E-10
  -2.70007372       1.62660885E-10   1.66126127E-10
  -2.64007378       1.68733000E-10   1.72405396E-10
  -2.58007383       1.75119044E-10   1.79009765E-10
  -2.52007389       1.81837892E-10   1.85957943E-10
  -2.46007395       1.88909444E-10   1.93269498E-10
  -2.40007401       1.96354516E-10   2.00964453E-10
  -2.34007406       2.04195091E-10   2.09063600E-10
  -2.28007412       2.12453846E-10   2.17587962E-10
  -2.22007418       2.21154386E-10   2.26558508E-10
  -2.16007423       2.30321012E-10   2.35996056E-10
  -2.10007429       2.39978148E-10   2.45920617E-10
  -2.04007435       2.50150761E-10   2.56350385E-10
  -1.98007441       2.60862998E-10   2.67301820E-10
  -1.92007446       2.72138423E-10   2.78787549E-10
  -1.86007452       2.83998824E-10   2.90815677E-10
  -1.80007458       2.96463354E-10   3.03388092E-10
  -1.74007463       3.09547304E-10   3.16497967E-10
  -1.68007469       3.23260224E-10   3.30127509E-10
  -1.62007475       3.37604306E-10   3.44244383E-10
  -1.56007481       3.52571500E-10   3.58798685E-10
  -1.50007486       3.68140352E-10   3.73717668E-10
  -1.44007492       3.84272142E-10   3.88900800E-10
  -1.38007498       4.00905642E-10   4.04214301E-10
  -1.32007504       4.17951534E-10   4.19483948E-10
  -1.26007509       4.35284947E-10   4.34488778E-10
  -1.20007515       4.52737153E-10   4.48955012E-10
  -1.14007521       4.70085804E-10   4.62548944E-10
  -1.08007526       4.87043517E-10   4.74874196E-10
  -1.02007532       5.03246556E-10   4.85470275E-10
 -0.960075319       5.18241727E-10   4.93815711E-10
 -0.900075316       5.31474864E-10   4.99337460E-10
 -0.840075314       5.42281331E-10   5.01427178E-10
 -0.780075312       5.49880752E-10   4.99464747E-10
 -0.720075309       5.53379009E-10   4.92850982E-10
 -0.660075307       5.51783563E-10   4.81043594E-10
 -0.600075305       5.44032319E-10   4.63598188E-10
 -0.540075302       5.29044031E-10   4.40205761E-10
 -0.480075300       5.05792352E-10   4.10726314E-10
 -0.420075297       4.73402151E-10   3.75209946E-10
 -0.360075295       4.31266384E-10   3.33905431E-10
 -0.300075293       3.79170001E-10   2.87255192E-10
 -0.240075290       3.17404908E-10   2.35877567E-10
 -0.180075288       2.46851400E-10   1.80542123E-10
 -0.120075285       1.69004630E-10   1.22136745E-10
  -6.00752868E-02   8.59250032E-11   6.16378129E-11
  -7.52881169E-05   1.08267223E-13   7.74852594E-14
   5.99247105E-02  -8.57119584E-11  -6.14842136E-11
  0.119924709      -1.68801764E-10  -1.21987254E-10
  0.179924712      -2.46664328E-10  -1.80398807E-10
  0.239924714      -3.17238347E-10  -2.35743508E-10
  0.299924701      -3.79026976E-10  -2.87131763E-10
  0.359924704      -4.31148145E-10  -3.33794853E-10
  0.419924706      -4.73308781E-10  -3.75113357E-10
  0.479924709      -5.05722686E-10  -4.10644629E-10
  0.539924681      -5.28996402E-10  -4.40139258E-10
  0.599924684      -5.44004175E-10  -4.63546840E-10
  0.659924686      -5.51772239E-10  -4.81007068E-10
  0.719924688      -5.53381896E-10  -4.92828112E-10
  0.779924691      -5.49894852E-10  -4.99454200E-10
  0.839924693      -5.42304812E-10  -5.01427455E-10
  0.899924695      -5.31505395E-10  -4.99347230E-10
  0.959924698      -5.18277421E-10  -4.93833474E-10
   1.01992464      -5.03285913E-10  -4.85494256E-10
   1.07992458      -4.87085206E-10  -4.74903228E-10
   1.13992453      -4.70128880E-10  -4.62581612E-10
   1.19992447      -4.52780896E-10  -4.48990317E-10
   1.25992441      -4.35328690E-10  -4.34526026E-10
   1.31992435      -4.17994833E-10  -4.19522000E-10
   1.37992430      -4.00948025E-10  -4.04252770E-10
   1.43992424      -3.84313303E-10  -3.88939186E-10
   1.49992418      -3.68180209E-10  -3.73755471E-10
   1.55992413      -3.52609830E-10  -3.58835711E-10
   1.61992407      -3.37641054E-10  -3.44280465E-10
   1.67992401      -3.23295363E-10  -3.30162342E-10
   1.73992395      -3.09580889E-10  -3.16531634E-10
   1.79992390      -2.96495384E-10  -3.03420317E-10
   1.85992384      -2.84029439E-10  -2.90846597E-10
   1.91992378      -2.72167400E-10  -2.78816970E-10
   1.97992373      -2.60890587E-10  -2.67329908E-10
   2.03992367      -2.50176935E-10  -2.56377253E-10
   2.09992361      -2.40003073E-10  -2.45946152E-10
   2.15992355      -2.30344605E-10  -2.36020398E-10
   2.21992350      -2.21176855E-10  -2.26581601E-10
   2.27992344      -2.12475135E-10  -2.17609861E-10
   2.33992338      -2.04215284E-10  -2.09084458E-10
   2.39992332      -1.96373681E-10  -2.00984257E-10
   2.45992327      -1.88927624E-10  -1.93288316E-10
   2.51992321      -1.81855184E-10  -1.85975901E-10
   2.57992315      -1.75135476E-10  -1.79026738E-10
   2.63992310      -1.68748640E-10  -1.72421633E-10
   2.69992304      -1.62675734E-10  -1.66141517E-10
   2.75992298      -1.56899022E-10  -1.60168684E-10
   2.81992292      -1.51401544E-10  -1.54485938E-10
   2.87992287      -1.46167398E-10  -1.49077098E-10
   2.93992281      -1.41181677E-10  -1.43926898E-10
   2.99992275      -1.36430325E-10  -1.39020725E-10
   3.05992270      -1.31900005E-10  -1.34344869E-10
   3.11992264      -1.27578337E-10  -1.29886560E-10
   3.17992258      -1.23453706E-10  -1.25633573E-10
   3.23992252      -1.19515120E-10  -1.21574376E-10
   3.29992247      -1.15752283E-10  -1.17698434E-10
   3.35992241      -1.12155570E-10  -1.13995563E-10
   3.41992235      -1.08715918E-10  -1.10456248E-10
   3.47992229      -1.05424870E-10  -1.07071671E-10
   3.53992224      -1.02274432E-10  -1.03833400E-10
   3.59992218      -9.92571442E-11  -1.00733713E-10
   3.65992212      -9.63659291E-11  -9.77650114E-11
   3.71992207      -9.35942782E-11  -9.49206269E-11
   3.77992201      -9.09359324E-11  -9.21939192E-11
   3.83992195      -8.83850770E-11  -8.95788096E-11
   3.89992189      -8.59362650E-11  -8.70695599E-11
   3.95992184      -8.35843200E-11  -8.46608131E-11
   4.01992178      -8.13243986E-11  -8.23473581E-11
   4.07992172      -7.91519697E-11  -8.01245598E-11
   4.13992167      -7.70627243E-11  -7.79878453E-11
   4.19992161      -7.50526308E-11  -7.59330723E-11
   4.25992155      -7.31178590E-11  -7.39561259E-11
   4.31992149      -7.12547937E-11  -7.20533216E-11
   4.37992144      -6.94600905E-11  -7.02210859E-11
   4.43992138      -6.77305087E-11  -6.84560880E-11
   4.49992132      -6.60630786E-11  -6.67552263E-11
   4.55992126      -6.44549067E-11  -6.51154339E-11
   4.61992121      -6.29032937E-11  -6.35338865E-11
   4.67992115      -6.14056861E-11  -6.20080515E-11
   4.73992109      -5.99596969E-11  -6.05353406E-11
   4.79992104      -5.85630364E-11  -5.91133462E-11
   4.85992098      -5.72135152E-11  -5.77398268E-11
   4.91992092      -5.59091037E-11  -5.64126974E-11
   4.97992086      -5.46478730E-11  -5.51299492E-11
   5.03992081      -5.34279600E-11  -5.38895630E-11
   5.09992075      -5.22476298E-11  -5.26898490E-11
   5.15992069      -5.11052312E-11  -5.15290484E-11
   5.21992064      -4.99991645E-11  -5.04055131E-11
   5.27992058      -4.89279728E-11  -4.93176992E-11
   5.33992052      -4.78902057E-11  -4.82641462E-11
   5.39992046      -4.68845136E-11  -4.72434869E-11
   5.45992041      -4.59096476E-11  -4.62543094E-11
   5.51992035      -4.49643343E-11  -4.52954063E-11
   5.57992029      -4.40474428E-11  -4.43655841E-11
   5.63992023      -4.31578696E-11  -4.34636806E-11
   5.69992018      -4.22945429E-11  -4.25886097E-11
   5.75992012      -4.14564529E-11  -4.17392926E-11
   5.81992006      -4.06426663E-11  -4.09148548E-11
   5.87992001      -3.98522430E-11  -4.01142661E-11
   5.93991995      -3.90843330E-11  -3.93365861E-11
   5.99991989      -3.83380792E-11  -3.85810620E-11
   6.05991983      -3.76126942E-11  -3.78468368E-11
   6.11991978      -3.69074285E-11  -3.71330744E-11
   6.17991972      -3.62215605E-11  -3.64390740E-11
   6.23991966      -3.55543685E-11  -3.57641416E-11
   6.29991961      -3.49052141E-11  -3.51075731E-11
   6.35991955      -3.42734452E-11  -3.44687473E-11
   6.41991949      -3.36584649E-11  -3.38469808E-11
   6.47991943      -3.30596904E-11  -3.32417115E-11
   6.53991938      -3.24765666E-11  -3.26523669E-11
   6.59991932      -3.19085453E-11  -3.20783851E-11
   6.65991926      -3.13551338E-11  -3.15192317E-11
   6.71991920      -3.08158221E-11  -3.09744556E-11
   6.77991915      -3.02901627E-11  -3.04435435E-11
   6.83991909      -2.97776942E-11  -2.99260478E-11
   6.89991903      -2.92779759E-11  -2.94214930E-11
   6.95991898      -2.87906053E-11  -2.89294734E-11
   7.01991892      -2.83151835E-11  -2.84495847E-11
   7.07991886      -2.78513150E-11  -2.79814158E-11
   7.13991880      -2.73986372E-11  -2.75246458E-11
   7.19991875      -2.69568066E-11  -2.70788270E-11
   7.25991869      -2.65254676E-11  -2.66437011E-11
   7.31991863      -2.61043045E-11  -2.62188604E-11
   7.37991858      -2.56929963E-11  -2.58040499E-11
   7.43991852      -2.52912483E-11  -2.53989017E-11
   7.49991846      -2.48987619E-11  -2.50031610E-11
   7.55991840      -2.45152613E-11  -2.46165380E-11
   7.61991835      -2.41404830E-11  -2.42387447E-11
   7.67991829      -2.37741528E-11  -2.38694672E-11
   7.73991823      -2.34160278E-11  -2.35085493E-11
   7.79991817      -2.30658704E-11  -2.31556753E-11
   7.85991812      -2.27234447E-11  -2.28106561E-11
   7.91991806      -2.23885216E-11  -2.24732333E-11
   7.97991800      -2.20608896E-11  -2.21431710E-11
   8.03991795      -2.17403526E-11  -2.18202973E-11
   8.09991837      -2.14266851E-11  -2.15043781E-11
   8.15991879      -2.11197101E-11  -2.11951984E-11
   8.21991920      -2.08192352E-11  -2.08926175E-11
   8.27991962      -2.05250764E-11  -2.05964221E-11
   8.33992004      -2.02370620E-11  -2.03064735E-11
   8.39992046      -1.99550324E-11  -2.00225374E-11
   8.45992088      -1.96788107E-11  -1.97444804E-11
   8.51992130      -1.94082458E-11  -1.94721479E-11
   8.57992172      -1.91431870E-11  -1.92053630E-11
   8.63992214      -1.88834798E-11  -1.89440217E-11
   8.69992256      -1.86289872E-11  -1.86879297E-11
   8.75992298      -1.83795756E-11  -1.84369499E-11
   8.81992340      -1.81351028E-11  -1.81909834E-11
   8.87992382      -1.78954473E-11  -1.79498708E-11
   8.93992424      -1.76604790E-11  -1.77134921E-11
   8.99992466      -1.74300834E-11  -1.74817556E-11
   9.05992508      -1.72041357E-11  -1.72545069E-11
   9.11992550      -1.69825317E-11  -1.70316070E-11
   9.17992592      -1.67651466E-11  -1.68130058E-11
   9.23992634      -1.65518935E-11  -1.65985385E-11
   9.29992676      -1.63426529E-11  -1.63881443E-11
   9.35992718      -1.61373380E-11  -1.61817122E-11
   9.41992760      -1.59358412E-11  -1.59791069E-11
   9.47992802      -1.57380792E-11  -1.57802833E-11
   9.53992844      -1.55439533E-11  -1.55851339E-11
   9.59992886      -1.53533783E-11  -1.53935632E-11
   9.65992928      -1.51662641E-11  -1.52054966E-11
   9.71992970      -1.49825343E-11  -1.50208370E-11
   9.77993011      -1.48021075E-11  -1.48394994E-11
   9.83993053      -1.46249002E-11  -1.46614075E-11
   9.89993095      -1.44508398E-11  -1.44864979E-11
   9.95993137      -1.42798542E-11  -1.43146736E-11
   10.0199318      -1.41118723E-11  -1.41458815E-11
   10.0799322      -1.39468185E-11  -1.39800680E-11
   10.1399326      -1.37846323E-11  -1.38171054E-11
   10.1999331      -1.36252442E-11  -1.36569592E-11
   10.2599335      -1.34685900E-11  -1.34995999E-11
   10.3199339      -1.33146116E-11  -1.33449397E-11
   10.3799343      -1.31632474E-11  -1.31928730E-11
   10.4399347      -1.30144350E-11  -1.30434092E-11
   10.4999352      -1.28681215E-11  -1.28964426E-11
   10.5599356      -1.27242513E-11  -1.27519609E-11
   10.6199360      -1.25827673E-11  -1.26098689E-11
   10.6799364      -1.24436199E-11  -1.24701239E-11
   10.7399368      -1.23067606E-11  -1.23326818E-11
   10.7999372      -1.21721348E-11  -1.21975000E-11
   10.8599377      -1.20396982E-11  -1.20645152E-11
   10.9199381      -1.19094005E-11  -1.19336945E-11
   10.9799385      -1.17811993E-11  -1.18049849E-11
   11.0399389      -1.16550493E-11  -1.16783423E-11
   11.0999393      -1.15309047E-11  -1.15536929E-11
   11.1599398      -1.14087247E-11  -1.14310367E-11
   11.2199402      -1.12884702E-11  -1.13102982E-11
   11.2799406      -1.11700987E-11  -1.11914878E-11
   11.3399410      -1.10535704E-11  -1.10745319E-11
   11.3999414      -1.09388540E-11  -1.09593862E-11
   11.4599419      -1.08259044E-11  -1.08460185E-11
   11.5199423      -1.07146887E-11  -1.07343873E-11
   11.5799427      -1.06051704E-11  -1.06244701E-11
   11.6399431      -1.04973174E-11  -1.05162346E-11
   11.6999435      -1.03910986E-11  -1.04096289E-11
   11.7599440      -1.02864748E-11  -1.03046400E-11
   11.8199444      -1.01834183E-11  -1.02012157E-11
   11.8799448      -1.00818963E-11  -1.00993450E-11
   11.9399452      -9.98188164E-12  -9.99899556E-12
   11.9999456      -9.88333720E-12  -9.90010331E-12
   12.0599461      -9.78624647E-12  -9.80270032E-12
   12.1199465      -9.69057126E-12  -9.70668945E-12
   12.1799469      -9.59628904E-12  -9.61210452E-12
   12.2399473      -9.50337031E-12  -9.51888048E-12
   12.2999477      -9.41179079E-12  -9.42701646E-12
   12.3599482      -9.32152532E-12  -9.33645956E-12
   12.4199486      -9.23254702E-12  -9.24718895E-12
   12.4799490      -9.14483159E-12  -9.15921419E-12
   12.5399494      -9.05835650E-12  -9.07245026E-12
   12.5999498      -8.97309831E-12  -8.98695094E-12
   12.6599503      -8.88903447E-12  -8.90261909E-12
   12.7199507      -8.80614505E-12  -8.81947727E-12
   12.7799511      -8.72440314E-12  -8.73749163E-12
   12.8399515      -8.64379228E-12  -8.65664224E-12
   12.8999519      -8.56429250E-12  -8.57690741E-12
   12.9599524      -8.48587693E-12  -8.49826459E-12
   13.0199528      -8.40853082E-12  -8.42069383E-12
   13.0799532      -8.33223594E-12  -8.34417258E-12
   13.1399536      -8.25697063E-12  -8.26870170E-12
   13.1999540      -8.18271926E-12  -8.19423782E-12
   13.2599545      -8.10946102E-12  -8.12078096E-12
   13.3199549      -8.03717856E-12  -8.04828860E-12
   13.3799553      -7.96585714E-12  -7.97677115E-12
   13.4399557      -7.89547767E-12  -7.90620781E-12
   13.4999561      -7.82602368E-12  -7.83657601E-12
   13.5599566      -7.75748042E-12  -7.76783325E-12
   13.6199570      -7.68982968E-12  -7.70002291E-12
   13.6799574      -7.62306017E-12  -7.63306952E-12
   13.7399578      -7.55715369E-12  -7.56699477E-12
   13.7999582      -7.49209462E-12  -7.50175616E-12
   13.8599586      -7.42787082E-12  -7.43738491E-12
   13.9199591      -7.36446668E-12  -7.37381770E-12
   13.9799595      -7.30186918E-12  -7.31106408E-12
   14.0399599      -7.24006402E-12  -7.24909325E-12
   14.0999603      -7.17903905E-12  -7.18791519E-12
   14.1599607      -7.11877952E-12  -7.12750822E-12
   14.2199612      -7.05927461E-12  -7.06786235E-12
   14.2799616      -7.00050998E-12  -7.00894464E-12
   14.3399620      -6.94247481E-12  -6.95077719E-12
   14.3999624      -6.88515607E-12  -6.89332749E-12
   14.4599628      -6.82854251E-12  -6.83658512E-12
   14.5199633      -6.77262369E-12  -6.78052840E-12
   14.5799637      -6.71738576E-12  -6.72516773E-12
   14.6399641      -6.66282004E-12  -6.67047190E-12
   14.6999645      -6.60891611E-12  -6.61645044E-12
   14.7599649      -6.55566183E-12  -6.56307257E-12
   14.8199654      -6.50304637E-12  -6.51033697E-12
   14.8799658      -6.45106061E-12  -6.45823369E-12
   14.9399662      -6.39969458E-12  -6.40675187E-12
   14.9999666      -6.34893743E-12  -6.35589151E-12
   15.0599670      -6.29878137E-12  -6.30562052E-12
   15.1199675      -6.24921642E-12  -6.25594932E-12
   15.1799679      -6.20023173E-12  -6.20686749E-12
   15.2399683      -6.15182037E-12  -6.15835334E-12
   15.2999687      -6.10397193E-12  -6.11040732E-12
   15.3599691      -6.05667860E-12  -6.06300730E-12
   15.4199696      -6.00993170E-12  -6.01616500E-12
   15.4799700      -5.96372257E-12  -5.96985785E-12
   15.5399704      -5.91804383E-12  -5.92408674E-12
   15.5999708      -5.87288638E-12  -5.87884602E-12
   15.6599712      -5.82824370E-12  -5.83410880E-12
   15.7199717      -5.78410583E-12  -5.78988029E-12
   15.7799721      -5.74046583E-12  -5.74615572E-12
   15.8399725      -5.69731892E-12  -5.70291861E-12
   15.8999729      -5.65465383E-12  -5.66017415E-12
   15.9599733      -5.61246709E-12  -5.61791195E-12
   16.0199738      -5.57074786E-12  -5.57611032E-12
   16.0799732      -5.52949310E-12  -5.53476405E-12
   16.1399727      -5.48869457E-12  -5.49390004E-12
   16.1999722      -5.44834447E-12  -5.45346450E-12
   16.2599716      -5.40843542E-12  -5.41348433E-12
   16.3199711      -5.36896395E-12  -5.37394912E-12
   16.3799706      -5.32992227E-12  -5.33482590E-12
   16.4399700      -5.29130342E-12  -5.29614243E-12
   16.4999695      -5.25310221E-12  -5.25787096E-12
   16.5599689      -5.21531169E-12  -5.22001236E-12
   16.6199684      -5.17792753E-12  -5.18255014E-12
   16.6799679      -5.14094453E-12  -5.14551119E-12
   16.7399673      -5.10435401E-12  -5.10885214E-12
   16.7999668      -5.06815249E-12  -5.07258992E-12
   16.8599663      -5.03233349E-12  -5.03670803E-12
   16.9199657      -4.99689309E-12  -5.00120648E-12
   16.9799652      -4.96182522E-12  -4.96608527E-12
   17.0399647      -4.92712381E-12  -4.93131230E-12
   17.0999641      -4.89278453E-12  -4.89690883E-12
   17.1599636      -4.85880216E-12  -4.86288050E-12
   17.2199631      -4.82517455E-12  -4.82920561E-12
   17.2799625      -4.79189084E-12  -4.79585252E-12
   17.3399620      -4.75895235E-12  -4.76286849E-12
   17.3999615      -4.72635039E-12  -4.73021709E-12
   17.4599609      -4.69408063E-12  -4.69789745E-12
   17.5199604      -4.66214263E-12  -4.66589397E-12
   17.5799599      -4.63052556E-12  -4.63422833E-12
   17.6399593      -4.59923115E-12  -4.60288925E-12
   17.6999588      -4.56825073E-12  -4.57186632E-12
   17.7599583      -4.53758298E-12  -4.54114827E-12
   17.8199577      -4.50722272E-12  -4.51073597E-12
   17.8799572      -4.47716473E-12  -4.48062898E-12
   17.9399567      -4.44740642E-12  -4.45082773E-12
   17.9999561      -4.41794431E-12  -4.42131531E-12
   18.0599556      -4.38877190E-12  -4.39209736E-12
   18.1199551      -4.35988745E-12  -4.36317432E-12
   18.1799545      -4.33128750E-12  -4.33453013E-12
   18.2399540      -4.30296640E-12  -4.30617477E-12
   18.2999535      -4.27492286E-12  -4.27808223E-12
   18.3599529      -4.24715211E-12  -4.25027331E-12
   18.4199524      -4.21964980E-12  -4.22273241E-12
   18.4799519      -4.19241378E-12  -4.19545952E-12
   18.5399513      -4.16544056E-12  -4.16844901E-12
   18.5999508      -4.13872582E-12  -4.14168482E-12
   18.6599503      -4.11226695E-12  -4.11519907E-12
   18.7199497      -4.08606092E-12  -4.08894923E-12
   18.7799492      -4.06010512E-12  -4.06295136E-12
   18.8399487      -4.03439521E-12  -4.03720503E-12
   18.8999481      -4.00892774E-12  -4.01170503E-12
   18.9599476      -3.98369965E-12  -3.98644616E-12
   19.0199471      -3.95871010E-12  -3.96142884E-12
   19.0799465      -3.93395386E-12  -3.93663054E-12
   19.1399460      -3.90942877E-12  -3.91206815E-12
   19.1999454      -3.88513223E-12  -3.88774169E-12
   19.2599449      -3.86106078E-12  -3.86363988E-12
   19.3199444      -3.83721223E-12  -3.83976314E-12
   19.3799438      -3.81358486E-12  -3.81610108E-12
   19.4399433      -3.79017347E-12  -3.79266887E-12
   19.4999428      -3.76697631E-12  -3.76942965E-12
   19.5599422      -3.74399253E-12  -3.74642114E-12
   19.6199417      -3.72121778E-12  -3.72361040E-12
   19.6799412      -3.69864903E-12  -3.70101953E-12
   19.7399406      -3.67628584E-12  -3.67862685E-12
   19.7999401      -3.65412431E-12  -3.65643236E-12
   19.8599396      -3.63216185E-12  -3.63445190E-12
   19.9199390      -3.61039584E-12  -3.61265380E-12
   19.9799385      -3.58882650E-12  -3.59105410E-12
   20.0399380      -3.56744864E-12  -3.56964697E-12
   20.0999374      -3.54626116E-12  -3.54843824E-12
   20.1599369      -3.52526190E-12  -3.52741144E-12
   20.2199364      -3.50444738E-12  -3.50657242E-12
   20.2799358      -3.48381805E-12  -3.48592075E-12
   20.3399353      -3.46336805E-12  -3.46544581E-12
   20.3999348      -3.44309845E-12  -3.44514781E-12
   20.4599342      -3.42300667E-12  -3.42503716E-12
   20.5199337      -3.40308901E-12  -3.40509261E-12
   20.5799332      -3.38334590E-12  -3.38533021E-12
   20.6399326      -3.36377324E-12  -3.36573933E-12
   20.6999321      -3.34436862E-12  -3.34630370E-12
   20.7599316      -3.32513249E-12  -3.32704480E-12
   20.8199310      -3.30606094E-12  -3.30795222E-12
   20.8799305      -3.28715267E-12  -3.28902552E-12
   20.9399300      -3.26840681E-12  -3.27025950E-12
   20.9999294      -3.24982012E-12  -3.25164895E-12
   21.0599289      -3.23139237E-12  -3.23319908E-12
   21.1199284      -3.21311966E-12  -3.21490447E-12
   21.1799278      -3.19500155E-12  -3.19676534E-12
   21.2399273      -3.17703589E-12  -3.17878688E-12
   21.2999268      -3.15922093E-12  -3.16095305E-12
   21.3599262      -3.14155581E-12  -3.14326386E-12
   21.4199257      -3.12403879E-12  -3.12572451E-12
   21.4799252      -3.10666705E-12  -3.10833542E-12
   21.5399246      -3.08943864E-12  -3.09109617E-12
   21.5999241      -3.07235422E-12  -3.07399093E-12
   21.6599236      -3.05541161E-12  -3.05702490E-12
   21.7199230      -3.03860734E-12  -3.04020893E-12
   21.7799225      -3.02194142E-12  -3.02352696E-12
   21.8399220      -3.00541233E-12  -3.00697358E-12
   21.8999214      -2.98901832E-12  -2.99056461E-12
   21.9599209      -2.97275811E-12  -2.97428987E-12
   22.0199203      -2.95662952E-12  -2.95814350E-12
   22.0799198      -2.94063255E-12  -2.94213113E-12
   22.1399193      -2.92476438E-12  -2.92624714E-12
   22.1999187      -2.90902415E-12  -2.91049194E-12
   22.2599182      -2.89341055E-12  -2.89485992E-12
   22.3199177      -2.87792208E-12  -2.87935105E-12
   22.3799171      -2.86255828E-12  -2.86398140E-12
   22.4399166      -2.84731613E-12  -2.84871909E-12
   22.4999161      -2.83219563E-12  -2.83357994E-12
   22.5599155      -2.81719526E-12  -2.81856916E-12
   22.6199150      -2.80231372E-12  -2.80367114E-12
   22.6799145      -2.78754884E-12  -2.78889628E-12
   22.7399139      -2.77290018E-12  -2.77423375E-12
   22.7999134      -2.75836775E-12  -2.75969460E-12
   22.8599129      -2.74394895E-12  -2.74525173E-12
   22.9199123      -2.72964247E-12  -2.73093223E-12
   22.9799118      -2.71544766E-12  -2.71672528E-12
   23.0399113      -2.70136257E-12  -2.70262523E-12
   23.0999107      -2.68738721E-12  -2.68864314E-12
   23.1599102      -2.67351983E-12  -2.67475213E-12
   23.2199097      -2.65975978E-12  -2.66098992E-12
   23.2799091      -2.64610512E-12  -2.64731856E-12
   23.3399086      -2.63255476E-12  -2.63375433E-12
   23.3999081      -2.61910892E-12  -2.62030263E-12
   23.4599075      -2.60576586E-12  -2.60694201E-12
   23.5199070      -2.59252407E-12  -2.59368308E-12
   23.5799065      -2.57938332E-12  -2.58053127E-12
   23.6399059      -2.56634145E-12  -2.56748138E-12
   23.6999054      -2.55339868E-12  -2.55452799E-12
   23.7599049      -2.54055284E-12  -2.54167087E-12
   23.8199043      -2.52780414E-12  -2.52891566E-12
   23.8799038      -2.51515063E-12  -2.51624611E-12
   23.9399033      -2.50259232E-12  -2.50367825E-12
   23.9999027      -2.49012725E-12  -2.49120147E-12
   24.0599022      -2.47775541E-12  -2.47882661E-12
   24.1199017      -2.46547552E-12  -2.46653197E-12
   24.1799011      -2.45328627E-12  -2.45432862E-12
   24.2399006      -2.44118788E-12  -2.44222156E-12
   24.2999001      -2.42917730E-12  -2.43020014E-12
   24.3598995      -2.41725628E-12  -2.41826979E-12
   24.4198990      -2.40542200E-12  -2.40642532E-12
   24.4798985      -2.39367489E-12  -2.39467170E-12
   24.5398979      -2.38201321E-12  -2.38299333E-12
   24.5998974      -2.37043675E-12  -2.37140581E-12
   24.6598969      -2.35894399E-12  -2.35990936E-12
   24.7198963      -2.34753471E-12  -2.34848816E-12
   24.7798958      -2.33620892E-12  -2.33715239E-12
   24.8398952      -2.32496336E-12  -2.32590249E-12
   24.8998947      -2.31379933E-12  -2.31472762E-12
   24.9598942      -2.30271509E-12  -2.30363840E-12
   25.0198936      -2.29171109E-12  -2.29262421E-12
   25.0798931      -2.28078515E-12  -2.28168482E-12
   25.1398926      -2.26993641E-12  -2.27082611E-12
   25.1998920      -2.25916660E-12  -2.26005282E-12
   25.2598915      -2.24847159E-12  -2.24934936E-12
   25.3198910      -2.23785313E-12  -2.23872613E-12
   25.3798904      -2.22730948E-12  -2.22817272E-12
   25.4398899      -2.21684021E-12  -2.21769413E-12
   25.4998894      -2.20644358E-12  -2.20729598E-12
   25.5598888      -2.19612111E-12  -2.19695681E-12
   25.6198883      -2.18587019E-12  -2.18669787E-12
   25.6798878      -2.17569062E-12  -2.17651418E-12
   25.7398872      -2.16558238E-12  -2.16639445E-12
   25.7998867      -2.15554462E-12  -2.15634997E-12
   25.8598862      -2.14557603E-12  -2.14637487E-12
   25.9198856      -2.13567662E-12  -2.13646440E-12
   25.9798851      -2.12584572E-12  -2.12662873E-12
   26.0398846      -2.11608183E-12  -2.11685725E-12
   26.0998840      -2.10638538E-12  -2.10716102E-12
   26.1598835      -2.09675549E-12  -2.09751812E-12
   26.2198830      -2.08719110E-12  -2.08794505E-12
   26.2798824      -2.07769218E-12  -2.07843616E-12
   26.3398819      -2.06825746E-12  -2.06900230E-12
   26.3998814      -2.05888735E-12  -2.05962721E-12
   26.4598808      -2.04958034E-12  -2.05031131E-12
   26.5198803      -2.04033643E-12  -2.04105960E-12
   26.5798798      -2.03115541E-12  -2.03187207E-12
   26.6398792      -2.02203553E-12  -2.02274352E-12
   26.6998787      -2.01297702E-12  -2.01367937E-12
   26.7598782      -2.00397901E-12  -2.00467399E-12
   26.8198776      -1.99504150E-12  -1.99573301E-12
   26.8798771      -1.98616362E-12  -1.98685100E-12
   26.9398766      -1.97734494E-12  -1.97802235E-12
   26.9998760      -1.96858415E-12  -1.96925289E-12
   27.0598755      -1.95988213E-12  -1.96054739E-12
   27.1198750      -1.95123713E-12  -1.95189568E-12
   27.1798744      -1.94264960E-12  -1.94330294E-12
   27.2398739      -1.93411845E-12  -1.93476897E-12
   27.2998734      -1.92564324E-12  -1.92628877E-12
   27.3598728      -1.91722376E-12  -1.91785672E-12
   27.4198723      -1.90885914E-12  -1.90949426E-12
   27.4798717      -1.90054873E-12  -1.90117453E-12
   27.5398712      -1.89229275E-12  -1.89291399E-12
   27.5998707      -1.88409097E-12  -1.88470680E-12
   27.6598701      -1.87594189E-12  -1.87655338E-12
   27.7198696      -1.86784551E-12  -1.86844810E-12
   27.7798691      -1.85980181E-12  -1.86040159E-12
   27.8398685      -1.85180929E-12  -1.85240343E-12
   27.8998680      -1.84386837E-12  -1.84445883E-12
   27.9598675      -1.83597842E-12  -1.83656259E-12
   28.0198669      -1.82813920E-12  -1.82871968E-12
   28.0798664      -1.82034943E-12  -1.82092514E-12
   28.1398659      -1.81260996E-12  -1.81317873E-12
   28.1998653      -1.80491950E-12  -1.80548588E-12
   28.2598648      -1.79727782E-12  -1.79783597E-12
   28.3198643      -1.78968429E-12  -1.79023951E-12
   28.3798637      -1.78213943E-12  -1.78269140E-12
   28.4398632      -1.77464152E-12  -1.77518601E-12
   28.4998627      -1.76719132E-12  -1.76773429E-12
   28.5598621      -1.75978741E-12  -1.76032539E-12
   28.6198616      -1.75243002E-12  -1.75297016E-12
   28.6798611      -1.74511848E-12  -1.74565234E-12
   28.7398605      -1.73785303E-12  -1.73837735E-12
   28.7998600      -1.73063246E-12  -1.73115591E-12
   28.8598595      -1.72345688E-12  -1.72397741E-12
   28.9198589      -1.71632597E-12  -1.71683642E-12
   28.9798584      -1.70923920E-12  -1.70974357E-12
   29.0398579      -1.70219633E-12  -1.70270438E-12
   29.0998573      -1.69519639E-12  -1.69569729E-12
   29.1598568      -1.68823972E-12  -1.68873303E-12
   29.2198563      -1.68132565E-12  -1.68181159E-12
   29.2798557      -1.67445441E-12  -1.67493840E-12
   29.3398552      -1.66762470E-12  -1.66810272E-12
   29.3998547      -1.66083672E-12  -1.66131529E-12
   29.4598541      -1.65409017E-12  -1.65456537E-12
   29.5198536      -1.64738459E-12  -1.64785286E-12
   29.5798531      -1.64071990E-12  -1.64118860E-12
   29.6398525      -1.63409542E-12  -1.63456184E-12
   29.6998520      -1.62751084E-12  -1.62796729E-12
   29.7598515      -1.62096606E-12  -1.62142088E-12
   29.8198509      -1.61446074E-12  -1.61491198E-12
   29.8798504      -1.60799423E-12  -1.60844059E-12
   29.9398499      -1.60156664E-12  -1.60201203E-12
   29.9998493      -1.59517744E-12  -1.59561568E-12
