   9.48683301E-04   9.48863104E-04  -30.0000000    
   9.51916503E-04   9.52096656E-04  -29.9400005    
   9.55165189E-04   9.55343246E-04  -29.8800011    
   9.58429358E-04   9.58610326E-04  -29.8200016    
   9.61709186E-04   9.61892307E-04  -29.7600021    
   9.65004787E-04   9.65189189E-04  -29.7000027    
   9.68316104E-04   9.68500972E-04  -29.6400032    
   9.71643487E-04   9.71827656E-04  -29.5800037    
   9.74986702E-04   9.75172967E-04  -29.5200043    
   9.78346099E-04   9.78533179E-04  -29.4600048    
   9.81721794E-04   9.81912017E-04  -29.4000053    
   9.85113671E-04   9.85305756E-04  -29.3400059    
   9.88521846E-04   9.88710672E-04  -29.2800064    
   9.91946668E-04   9.92137939E-04  -29.2200069    
   9.95388022E-04   9.95583832E-04  -29.1600075    
   9.98846022E-04   9.99040902E-04  -29.1000080    
   1.00232079E-03   1.00251287E-03  -29.0400085    
   1.00581243E-03   1.00600719E-03  -28.9800091    
   1.00932096E-03   1.00951642E-03  -28.9200096    
   1.01284659E-03   1.01304427E-03  -28.8600101    
   1.01638958E-03   1.01659074E-03  -28.8000107    
   1.01994968E-03   1.02015212E-03  -28.7400112    
   1.02352700E-03   1.02372840E-03  -28.6800117    
   1.02712202E-03   1.02732331E-03  -28.6200123    
   1.03073462E-03   1.03093684E-03  -28.5600128    
   1.03436480E-03   1.03457272E-03  -28.5000134    
   1.03801268E-03   1.03822351E-03  -28.4400139    
   1.04167848E-03   1.04188547E-03  -28.3800144    
   1.04536244E-03   1.04557350E-03  -28.3200150    
   1.04906433E-03   1.04927644E-03  -28.2600155    
   1.05278450E-03   1.05299801E-03  -28.2000160    
   1.05652295E-03   1.05673447E-03  -28.1400166    
   1.06027978E-03   1.06049329E-03  -28.0800171    
   1.06405513E-03   1.06427073E-03  -28.0200176    
   1.06784911E-03   1.06806308E-03  -27.9600182    
   1.07166194E-03   1.07187778E-03  -27.9000187    
   1.07549364E-03   1.07571110E-03  -27.8400192    
   1.07934407E-03   1.07956678E-03  -27.7800198    
   1.08321384E-03   1.08343735E-03  -27.7200203    
   1.08710257E-03   1.08732656E-03  -27.6600208    
   1.09101075E-03   1.09123439E-03  -27.6000214    
   1.09493826E-03   1.09516457E-03  -27.5400219    
   1.09888543E-03   1.09910965E-03  -27.4800224    
   1.10285205E-03   1.10308081E-03  -27.4200230    
   1.10683858E-03   1.10707060E-03  -27.3600235    
   1.11084490E-03   1.11107901E-03  -27.3000240    
   1.11487124E-03   1.11510605E-03  -27.2400246    
   1.11891760E-03   1.11914799E-03  -27.1800251    
   1.12298434E-03   1.12322345E-03  -27.1200256    
   1.12707133E-03   1.12731010E-03  -27.0600262    
   1.13117881E-03   1.13141537E-03  -27.0000267    
   1.13530690E-03   1.13554671E-03  -26.9400272    
   1.13945559E-03   1.13969669E-03  -26.8800278    
   1.14362536E-03   1.14386529E-03  -26.8200283    
   1.14781584E-03   1.14806369E-03  -26.7600288    
   1.15202740E-03   1.15226954E-03  -26.7000294    
   1.15626014E-03   1.15650520E-03  -26.6400299    
   1.16051431E-03   1.16076693E-03  -26.5800304    
   1.16478989E-03   1.16503984E-03  -26.5200310    
   1.16908713E-03   1.16933882E-03  -26.4600315    
   1.17340591E-03   1.17365643E-03  -26.4000320    
   1.17774669E-03   1.17800012E-03  -26.3400326    
   1.18210935E-03   1.18236244E-03  -26.2800331    
   1.18649402E-03   1.18675083E-03  -26.2200336    
   1.19090080E-03   1.19115785E-03  -26.1600342    
   1.19533017E-03   1.19559094E-03  -26.1000347    
   1.19978189E-03   1.20004267E-03  -26.0400352    
   1.20425620E-03   1.20452046E-03  -25.9800358    
   1.20875344E-03   1.20901689E-03  -25.9200363    
   1.21327327E-03   1.21353939E-03  -25.8600368    
   1.21781626E-03   1.21808425E-03  -25.8000374    
   1.22238242E-03   1.22265145E-03  -25.7400379    
   1.22697186E-03   1.22724101E-03  -25.6800385    
   1.23158447E-03   1.23185664E-03  -25.6200390    
   1.23622082E-03   1.23649463E-03  -25.5600395    
   1.24088093E-03   1.24115497E-03  -25.5000401    
   1.24556466E-03   1.24584138E-03  -25.4400406    
   1.25027250E-03   1.25055015E-03  -25.3800411    
   1.25500432E-03   1.25528127E-03  -25.3200417    
   1.25976058E-03   1.26004219E-03  -25.2600422    
   1.26454094E-03   1.26482546E-03  -25.2000427    
   1.26934599E-03   1.26963109E-03  -25.1400433    
   1.27417571E-03   1.27446651E-03  -25.0800438    
   1.27903023E-03   1.27932057E-03  -25.0200443    
   1.28390954E-03   1.28420070E-03  -24.9600449    
   1.28881412E-03   1.28910691E-03  -24.9000454    
   1.29374396E-03   1.29403919E-03  -24.8400459    
   1.29869906E-03   1.29899383E-03  -24.7800465    
   1.30367978E-03   1.30397826E-03  -24.7200470    
   1.30868622E-03   1.30898505E-03  -24.6600475    
   1.31371839E-03   1.31401792E-03  -24.6000481    
   1.31877651E-03   1.31908059E-03  -24.5400486    
   1.32386072E-03   1.32416189E-03  -24.4800491    
   1.32897147E-03   1.32927671E-03  -24.4200497    
   1.33410841E-03   1.33441389E-03  -24.3600502    
   1.33927178E-03   1.33958086E-03  -24.3000507    
   1.34446227E-03   1.34477764E-03  -24.2400513    
   1.34967943E-03   1.34999305E-03  -24.1800518    
   1.35492359E-03   1.35523826E-03  -24.1200523    
   1.36019476E-03   1.36051327E-03  -24.0600529    
   1.36549375E-03   1.36581063E-03  -24.0000534    
   1.37081998E-03   1.37113780E-03  -23.9400539    
   1.37617369E-03   1.37649849E-03  -23.8800545    
   1.38155546E-03   1.38187781E-03  -23.8200550    
   1.38696504E-03   1.38729066E-03  -23.7600555    
   1.39240269E-03   1.39272958E-03  -23.7000561    
   1.39786885E-03   1.39819458E-03  -23.6400566    
   1.40336342E-03   1.40369311E-03  -23.5800571    
   1.40888640E-03   1.40921772E-03  -23.5200577    
   1.41443824E-03   1.41477585E-03  -23.4600582    
   1.42001908E-03   1.42035633E-03  -23.4000587    
   1.42562890E-03   1.42596662E-03  -23.3400593    
   1.43126794E-03   1.43160671E-03  -23.2800598    
   1.43693644E-03   1.43727660E-03  -23.2200603    
   1.44263438E-03   1.44297630E-03  -23.1600609    
   1.44836213E-03   1.44870579E-03  -23.1000614    
   1.45411980E-03   1.45446882E-03  -23.0400620    
   1.45990762E-03   1.46025419E-03  -22.9800625    
   1.46572560E-03   1.46607682E-03  -22.9200630    
   1.47157372E-03   1.47192553E-03  -22.8600636    
   1.47745281E-03   1.47780776E-03  -22.8000641    
   1.48336228E-03   1.48371980E-03  -22.7400646    
   1.48930273E-03   1.48966536E-03  -22.6800652    
   1.49527437E-03   1.49563327E-03  -22.6200657    
   1.50127732E-03   1.50164217E-03  -22.5600662    
   1.50731136E-03   1.50767341E-03  -22.5000668    
   1.51337683E-03   1.51374564E-03  -22.4400673    
   1.51947443E-03   1.51984394E-03  -22.3800678    
   1.52560382E-03   1.52597576E-03  -22.3200684    
   1.53176510E-03   1.53214112E-03  -22.2600689    
   1.53795886E-03   1.53833628E-03  -22.2000694    
   1.54418463E-03   1.54456496E-03  -22.1400700    
   1.55044335E-03   1.55082345E-03  -22.0800705    
   1.55673479E-03   1.55711547E-03  -22.0200710    
   1.56305905E-03   1.56344101E-03  -21.9600716    
   1.56941637E-03   1.56980008E-03  -21.9000721    
   1.57580699E-03   1.57619640E-03  -21.8400726    
   1.58223114E-03   1.58261880E-03  -21.7800732    
   1.58868881E-03   1.58908218E-03  -21.7200737    
   1.59518013E-03   1.59557164E-03  -21.6600742    
   1.60170544E-03   1.60210207E-03  -21.6000748    
   1.60826498E-03   1.60865486E-03  -21.5400753    
   1.61485863E-03   1.61526352E-03  -21.4800758    
   1.62148685E-03   1.62188709E-03  -21.4200764    
   1.62814977E-03   1.62855163E-03  -21.3600769    
   1.63484772E-03   1.63525343E-03  -21.3000774    
   1.64158049E-03   1.64198503E-03  -21.2400780    
   1.64834817E-03   1.64875761E-03  -21.1800785    
   1.65515125E-03   1.65556371E-03  -21.1200790    
   1.66198984E-03   1.66239962E-03  -21.0600796    
   1.66886428E-03   1.66928023E-03  -21.0000801    
   1.67577446E-03   1.67619437E-03  -20.9400806    
   1.68272061E-03   1.68314204E-03  -20.8800812    
   1.68970274E-03   1.69012323E-03  -20.8200817    
   1.69672153E-03   1.69714168E-03  -20.7600822    
   1.70377688E-03   1.70420110E-03  -20.7000828    
   1.71086856E-03   1.71129405E-03  -20.6400833    
   1.71799737E-03   1.71842426E-03  -20.5800838    
   1.72516331E-03   1.72559544E-03  -20.5200844    
   1.73236616E-03   1.73279643E-03  -20.4600849    
   1.73960684E-03   1.74004212E-03  -20.4000854    
   1.74688455E-03   1.74731761E-03  -20.3400860    
   1.75420009E-03   1.75464153E-03  -20.2800865    
   1.76155369E-03   1.76199526E-03  -20.2200871    
   1.76894513E-03   1.76938996E-03  -20.1600876    
   1.77637488E-03   1.77682191E-03  -20.1000881    
   1.78384304E-03   1.78429112E-03  -20.0400887    
   1.79134973E-03   1.79179385E-03  -19.9800892    
   1.79889507E-03   1.79934502E-03  -19.9200897    
   1.80647918E-03   1.80692598E-03  -19.8600903    
   1.81410229E-03   1.81455538E-03  -19.8000908    
   1.82176474E-03   1.82221830E-03  -19.7400913    
   1.82946643E-03   1.82992220E-03  -19.6800919    
   1.83720770E-03   1.83766708E-03  -19.6200924    
   1.84498855E-03   1.84545293E-03  -19.5600929    
   1.85280922E-03   1.85327232E-03  -19.5000935    
   1.86066970E-03   1.86112896E-03  -19.4400940    
   1.86857034E-03   1.86903775E-03  -19.3800945    
   1.87651126E-03   1.87698007E-03  -19.3200951    
   1.88449258E-03   1.88495964E-03  -19.2600956    
   1.89251476E-03   1.89298391E-03  -19.2000961    
   1.90057722E-03   1.90104917E-03  -19.1400967    
   1.90868054E-03   1.90915912E-03  -19.0800972    
   1.91682496E-03   1.91730261E-03  -19.0200977    
   1.92501058E-03   1.92548707E-03  -18.9600983    
   1.93323719E-03   1.93371251E-03  -18.9000988    
   1.94150547E-03   1.94198266E-03  -18.8400993    
   1.94981531E-03   1.95029750E-03  -18.7800999    
   1.95816648E-03   1.95865333E-03  -18.7201004    
   1.96655956E-03   1.96704268E-03  -18.6601009    
   1.97499478E-03   1.97548047E-03  -18.6001015    
   1.98347191E-03   1.98395550E-03  -18.5401020    
   1.99199095E-03   1.99247524E-03  -18.4801025    
   2.00055260E-03   2.00104341E-03  -18.4201031    
   2.00915616E-03   2.00964883E-03  -18.3601036    
   2.01780279E-03   2.01829150E-03  -18.3001041    
   2.02649180E-03   2.02699006E-03  -18.2401047    
   2.03522341E-03   2.03571841E-03  -18.1801052    
   2.04399787E-03   2.04449147E-03  -18.1201057    
   2.05281540E-03   2.05331296E-03  -18.0601063    
   2.06167577E-03   2.06217542E-03  -18.0001068    
   2.07057944E-03   2.07108259E-03  -17.9401073    
   2.07952596E-03   2.08002701E-03  -17.8801079    
   2.08851602E-03   2.08901986E-03  -17.8201084    
   2.09754938E-03   2.09804997E-03  -17.7601089    
   2.10662605E-03   2.10712850E-03  -17.7001095    
   2.11574649E-03   2.11624429E-03  -17.6401100    
   2.12491048E-03   2.12541968E-03  -17.5801105    
   2.13411776E-03   2.13462487E-03  -17.5201111    
   2.14336906E-03   2.14387104E-03  -17.4601116    
   2.15266389E-03   2.15316936E-03  -17.4001122    
   2.16200273E-03   2.16251239E-03  -17.3401127    
   2.17138510E-03   2.17189267E-03  -17.2801132    
   2.18081148E-03   2.18132138E-03  -17.2201138    
   2.19028187E-03   2.19079107E-03  -17.1601143    
   2.19979603E-03   2.20030546E-03  -17.1001148    
   2.20935396E-03   2.20986083E-03  -17.0401154    
   2.21895613E-03   2.21946463E-03  -16.9801159    
   2.22860230E-03   2.22910941E-03  -16.9201164    
   2.23829225E-03   2.23880261E-03  -16.8601170    
   2.24802620E-03   2.24853307E-03  -16.8001175    
   2.25780439E-03   2.25831568E-03  -16.7401180    
   2.26762611E-03   2.26812810E-03  -16.6801186    
   2.27749185E-03   2.27800012E-03  -16.6201191    
   2.28740158E-03   2.28790939E-03  -16.5601196    
   2.29735486E-03   2.29785964E-03  -16.5001202    
   2.30735238E-03   2.30785832E-03  -16.4401207    
   2.31739320E-03   2.31790170E-03  -16.3801212    
   2.32747779E-03   2.32798606E-03  -16.3201218    
   2.33760616E-03   2.33810395E-03  -16.2601223    
   2.34777783E-03   2.34827772E-03  -16.2001228    
   2.35799304E-03   2.35848874E-03  -16.1401234    
   2.36825133E-03   2.36874819E-03  -16.0801239    
   2.37855292E-03   2.37905234E-03  -16.0201244    
   2.38889758E-03   2.38939375E-03  -15.9601240    
   2.39928532E-03   2.39978358E-03  -15.9001236    
   2.40971614E-03   2.41021067E-03  -15.8401232    
   2.42018932E-03   2.42067873E-03  -15.7801228    
   2.43070489E-03   2.43119523E-03  -15.7201223    
   2.44126283E-03   2.44174898E-03  -15.6601219    
   2.45186337E-03   2.45234743E-03  -15.6001215    
   2.46250536E-03   2.46298686E-03  -15.5401211    
   2.47318903E-03   2.47367471E-03  -15.4801207    
   2.48391484E-03   2.48439237E-03  -15.4201202    
   2.49468116E-03   2.49515474E-03  -15.3601198    
   2.50548869E-03   2.50595808E-03  -15.3001194    
   2.51633720E-03   2.51680985E-03  -15.2401190    
   2.52722623E-03   2.52769142E-03  -15.1801186    
   2.53815530E-03   2.53861770E-03  -15.1201181    
   2.54912465E-03   2.54958495E-03  -15.0601177    
   2.56013288E-03   2.56058574E-03  -15.0001173    
   2.57118116E-03   2.57163122E-03  -14.9401169    
   2.58226832E-03   2.58271024E-03  -14.8801165    
   2.59339344E-03   2.59383395E-03  -14.8201160    
   2.60455697E-03   2.60499865E-03  -14.7601156    
   2.61575845E-03   2.61619315E-03  -14.7001152    
   2.62699719E-03   2.62743235E-03  -14.6401148    
   2.63827271E-03   2.63869762E-03  -14.5801144    
   2.64958502E-03   2.64999643E-03  -14.5201139    
   2.66093342E-03   2.66134739E-03  -14.4601135    
   2.67231697E-03   2.67272443E-03  -14.4001131    
   2.68373592E-03   2.68413872E-03  -14.3401127    
   2.69518932E-03   2.69558281E-03  -14.2801123    
   2.70667649E-03   2.70706788E-03  -14.2201118    
   2.71819718E-03   2.71858275E-03  -14.1601114    
   2.72975117E-03   2.73012370E-03  -14.1001110    
   2.74133706E-03   2.74169445E-03  -14.0401106    
   2.75295414E-03   2.75331363E-03  -13.9801102    
   2.76460219E-03   2.76494771E-03  -13.9201097    
   2.77628121E-03   2.77662277E-03  -13.8601093    
   2.78798956E-03   2.78832018E-03  -13.8001089    
   2.79972632E-03   2.80005485E-03  -13.7401085    
   2.81149172E-03   2.81180814E-03  -13.6801081    
   2.82328459E-03   2.82358751E-03  -13.6201077    
   2.83510331E-03   2.83540413E-03  -13.5601072    
   2.84694904E-03   2.84723192E-03  -13.5001068    
   2.85881804E-03   2.85909697E-03  -13.4401064    
   2.87071243E-03   2.87098065E-03  -13.3801060    
   2.88262870E-03   2.88288295E-03  -13.3201056    
   2.89456826E-03   2.89481506E-03  -13.2601051    
   2.90652853E-03   2.90676206E-03  -13.2001047    
   2.91850907E-03   2.91872770E-03  -13.1401043    
   2.93050893E-03   2.93071195E-03  -13.0801039    
   2.94252741E-03   2.94272229E-03  -13.0201035    
   2.95456219E-03   2.95474380E-03  -12.9601030    
   2.96661281E-03   2.96678394E-03  -12.9001026    
   2.97867903E-03   2.97882780E-03  -12.8401022    
   2.99075828E-03   2.99089774E-03  -12.7801018    
   3.00285057E-03   3.00297514E-03  -12.7201014    
   3.01495357E-03   3.01506370E-03  -12.6601009    
   3.02706636E-03   3.02716345E-03  -12.6001005    
   3.03918822E-03   3.03926691E-03  -12.5401001    
   3.05131637E-03   3.05138528E-03  -12.4800997    
   3.06345080E-03   3.06349620E-03  -12.4200993    
   3.07558943E-03   3.07562202E-03  -12.3600988    
   3.08773131E-03   3.08774784E-03  -12.3000984    
   3.09987436E-03   3.09987739E-03  -12.2400980    
   3.11201718E-03   3.11200321E-03  -12.1800976    
   3.12415813E-03   3.12411785E-03  -12.1200972    
   3.13629583E-03   3.13623995E-03  -12.0600967    
   3.14842816E-03   3.14834714E-03  -12.0000963    
   3.16055422E-03   3.16044688E-03  -11.9400959    
   3.17267096E-03   3.17254663E-03  -11.8800955    
   3.18477745E-03   3.18463147E-03  -11.8200951    
   3.19687184E-03   3.19670141E-03  -11.7600946    
   3.20895179E-03   3.20876390E-03  -11.7000942    
   3.22101568E-03   3.22081149E-03  -11.6400938    
   3.23306140E-03   3.23282182E-03  -11.5800934    
   3.24508687E-03   3.24482471E-03  -11.5200930    
   3.25708953E-03   3.25679779E-03  -11.4600925    
   3.26906820E-03   3.26875597E-03  -11.4000921    
   3.28101940E-03   3.28068435E-03  -11.3400917    
   3.29294265E-03   3.29257548E-03  -11.2800913    
   3.30483355E-03   3.30443680E-03  -11.2200909    
   3.31669161E-03   3.31626832E-03  -11.1600904    
   3.32851242E-03   3.32806259E-03  -11.1000900    
   3.34029528E-03   3.33981216E-03  -11.0400896    
   3.35203693E-03   3.35152447E-03  -10.9800892    
   3.36373434E-03   3.36319208E-03  -10.9200888    
   3.37538542E-03   3.37481499E-03  -10.8600883    
   3.38698761E-03   3.38638574E-03  -10.8000879    
   3.39853740E-03   3.39789689E-03  -10.7400875    
   3.41003248E-03   3.40936333E-03  -10.6800871    
   3.42147006E-03   3.42077017E-03  -10.6200867    
   3.43284709E-03   3.43210995E-03  -10.5600863    
   3.44415964E-03   3.44338268E-03  -10.5000858    
   3.45540536E-03   3.45458835E-03  -10.4400854    
   3.46658146E-03   3.46572697E-03  -10.3800850    
   3.47768352E-03   3.47679108E-03  -10.3200846    
   3.48871015E-03   3.48778069E-03  -10.2600842    
   3.49965529E-03   3.49868834E-03  -10.2000837    
   3.51051800E-03   3.50950658E-03  -10.1400833    
   3.52129387E-03   3.52025032E-03  -10.0800829    
   3.53197847E-03   3.53088230E-03  -10.0200825    
   3.54256923E-03   3.54143232E-03  -9.96008205    
   3.55306175E-03   3.55187804E-03  -9.90008163    
   3.56345274E-03   3.56223434E-03  -9.84008121    
   3.57373827E-03   3.57246399E-03  -9.78008080    
   3.58391367E-03   3.58259678E-03  -9.72008038    
   3.59397591E-03   3.59261036E-03  -9.66007996    
   3.60392011E-03   3.60250473E-03  -9.60007954    
   3.61374253E-03   3.61227989E-03  -9.54007912    
   3.62343900E-03   3.62192839E-03  -9.48007870    
   3.63300415E-03   3.63144279E-03  -9.42007828    
   3.64243519E-03   3.64081562E-03  -9.36007786    
   3.65172629E-03   3.65005434E-03  -9.30007744    
   3.66087328E-03   3.65915895E-03  -9.24007702    
   3.66987172E-03   3.66809964E-03  -9.18007660    
   3.67871718E-03   3.67688388E-03  -9.12007618    
   3.68740363E-03   3.68551165E-03  -9.06007576    
   3.69592709E-03   3.69397551E-03  -9.00007534    
   3.70428246E-03   3.70227545E-03  -8.94007492    
   3.71246529E-03   3.71040404E-03  -8.88007450    
   3.72046861E-03   3.71833146E-03  -8.82007408    
   3.72828892E-03   3.72610241E-03  -8.76007366    
   3.73592018E-03   3.73366475E-03  -8.70007324    
   3.74335772E-03   3.74104083E-03  -8.64007282    
   3.75059480E-03   3.74821573E-03  -8.58007240    
   3.75762722E-03   3.75517458E-03  -8.52007198    
   3.76444822E-03   3.76193970E-03  -8.46007156    
   3.77105293E-03   3.76847386E-03  -8.40007114    
   3.77743482E-03   3.77479196E-03  -8.34007072    
   3.78358853E-03   3.78087163E-03  -8.28007030    
   3.78950825E-03   3.78671288E-03  -8.22006989    
   3.79518769E-03   3.79233062E-03  -8.16006947    
   3.80062056E-03   3.79769504E-03  -8.10006905    
   3.80580057E-03   3.80280614E-03  -8.04006863    
   3.81072192E-03   3.80764902E-03  -7.98006868    
   3.81537783E-03   3.81223112E-03  -7.92006874    
   3.81976250E-03   3.81653756E-03  -7.86006880    
   3.82386870E-03   3.82057577E-03  -7.80006886    
   3.82769085E-03   3.82431597E-03  -7.74006891    
   3.83122102E-03   3.82777303E-03  -7.68006897    
   3.83445318E-03   3.83092463E-03  -7.62006903    
   3.83738102E-03   3.83377075E-03  -7.56006908    
   3.83999734E-03   3.83631140E-03  -7.50006914    
   3.84229491E-03   3.83852422E-03  -7.44006920    
   3.84426676E-03   3.84041667E-03  -7.38006926    
   3.84590612E-03   3.84197384E-03  -7.32006931    
   3.84720671E-03   3.84318829E-03  -7.26006937    
   3.84815969E-03   3.84406000E-03  -7.20006943    
   3.84875922E-03   3.84458154E-03  -7.14006948    
   3.84899788E-03   3.84473056E-03  -7.08006954    
   3.84886772E-03   3.84452194E-03  -7.02006960    
   3.84836178E-03   3.84393334E-03  -6.96006966    
   3.84747284E-03   3.84295732E-03  -6.90006971    
   3.84619320E-03   3.84158641E-03  -6.84006977    
   3.84451612E-03   3.83982807E-03  -6.78006983    
   3.84243345E-03   3.83765250E-03  -6.72006989    
   3.83993704E-03   3.83506715E-03  -6.66006994    
   3.83702060E-03   3.83207202E-03  -6.60007000    
   3.83367646E-03   3.82862985E-03  -6.54007006    
   3.82989692E-03   3.82477045E-03  -6.48007011    
   3.82567360E-03   3.82046402E-03  -6.42007017    
   3.82099929E-03   3.81569564E-03  -6.36007023    
   3.81586747E-03   3.81048024E-03  -6.30007029    
   3.81026953E-03   3.80478799E-03  -6.24007034    
   3.80419800E-03   3.79862636E-03  -6.18007040    
   3.79764498E-03   3.79198790E-03  -6.12007046    
   3.79060348E-03   3.78487259E-03  -6.06007051    
   3.78306606E-03   3.77724320E-03  -6.00007057    
   3.77502502E-03   3.76911461E-03  -5.94007063    
   3.76647315E-03   3.76047939E-03  -5.88007069    
   3.75740207E-03   3.75132263E-03  -5.82007074    
   3.74780549E-03   3.74163687E-03  -5.76007080    
   3.73767572E-03   3.73142213E-03  -5.70007086    
   3.72700579E-03   3.72067839E-03  -5.64007092    
   3.71578778E-03   3.70936841E-03  -5.58007097    
   3.70401493E-03   3.69752198E-03  -5.52007103    
   3.69168073E-03   3.68510187E-03  -5.46007109    
   3.67877772E-03   3.67211550E-03  -5.40007114    
   3.66529915E-03   3.65856290E-03  -5.34007120    
   3.65123828E-03   3.64442170E-03  -5.28007126    
   3.63658811E-03   3.62969190E-03  -5.22007132    
   3.62134282E-03   3.61438096E-03  -5.16007137    
   3.60549567E-03   3.59845161E-03  -5.10007143    
   3.58904037E-03   3.58193368E-03  -5.04007149    
   3.57197039E-03   3.56479734E-03  -4.98007154    
   3.55428108E-03   3.54704261E-03  -4.92007160    
   3.53596522E-03   3.52866948E-03  -4.86007166    
   3.51701817E-03   3.50964814E-03  -4.80007172    
   3.49743385E-03   3.49000841E-03  -4.74007177    
   3.47720692E-03   3.46972048E-03  -4.68007183    
   3.45633272E-03   3.44879180E-03  -4.62007189    
   3.43480636E-03   3.42721492E-03  -4.56007195    
   3.41262296E-03   3.40497494E-03  -4.50007200    
   3.38977831E-03   3.38209420E-03  -4.44007206    
   3.36626824E-03   3.35851312E-03  -4.38007212    
   3.34208808E-03   3.33430618E-03  -4.32007217    
   3.31723480E-03   3.30941379E-03  -4.26007223    
   3.29170492E-03   3.28384340E-03  -4.20007229    
   3.26549495E-03   3.25760245E-03  -4.14007235    
   3.23860208E-03   3.23068351E-03  -4.08007240    
   3.21102352E-03   3.20307910E-03  -4.02007246    
   3.18275671E-03   3.17478180E-03  -3.96007252    
   3.15380073E-03   3.14580649E-03  -3.90007257    
   3.12415254E-03   3.11614573E-03  -3.84007263    
   3.09381122E-03   3.08578461E-03  -3.78007269    
   3.06277536E-03   3.05473804E-03  -3.72007275    
   3.03104473E-03   3.02300602E-03  -3.66007280    
   2.99861841E-03   2.99058855E-03  -3.60007286    
   2.96549662E-03   2.95746326E-03  -3.54007292    
   2.93167983E-03   2.92365998E-03  -3.48007298    
   2.89716804E-03   2.88915634E-03  -3.42007303    
   2.86196265E-03   2.85396725E-03  -3.36007309    
   2.82606529E-03   2.81808525E-03  -3.30007315    
   2.78947665E-03   2.78152525E-03  -3.24007320    
   2.75220023E-03   2.74427980E-03  -3.18007326    
   2.71423790E-03   2.70635635E-03  -3.12007332    
   2.67559243E-03   2.66774744E-03  -3.06007338    
   2.63626757E-03   2.62846053E-03  -3.00007343    
   2.59626703E-03   2.58851051E-03  -2.94007349    
   2.55559501E-03   2.54789740E-03  -2.88007355    
   2.51425593E-03   2.50661373E-03  -2.82007360    
   2.47225515E-03   2.46467441E-03  -2.76007366    
   2.42959731E-03   2.42207944E-03  -2.70007372    
   2.38628965E-03   2.37885118E-03  -2.64007378    
   2.34233728E-03   2.33496726E-03  -2.58007383    
   2.29774765E-03   2.29047239E-03  -2.52007389    
   2.25252751E-03   2.24533677E-03  -2.46007395    
   2.20668479E-03   2.19958276E-03  -2.40007401    
   2.16022739E-03   2.15323269E-03  -2.34007406    
   2.11316394E-03   2.10627168E-03  -2.28007412    
   2.06550327E-03   2.05872208E-03  -2.22007418    
   2.01725448E-03   2.01058388E-03  -2.16007423    
   1.96842826E-03   1.96187198E-03  -2.10007429    
   1.91903394E-03   1.91260874E-03  -2.04007435    
   1.86908233E-03   1.86278671E-03  -1.98007441    
   1.81858486E-03   1.81241333E-03  -1.92007446    
   1.76755292E-03   1.76152587E-03  -1.86007452    
   1.71599817E-03   1.71010941E-03  -1.80007458    
   1.66393304E-03   1.65818632E-03  -1.74007463    
   1.61137059E-03   1.60577148E-03  -1.68007469    
   1.55832339E-03   1.55288726E-03  -1.62007475    
   1.50480540E-03   1.49952620E-03  -1.56007481    
   1.45083002E-03   1.44571066E-03  -1.50007486    
   1.39641203E-03   1.39147043E-03  -1.44007492    
   1.34156574E-03   1.33679807E-03  -1.38007498    
   1.28630619E-03   1.28170848E-03  -1.32007504    
   1.23064884E-03   1.22623891E-03  -1.26007509    
   1.17460929E-03   1.17038190E-03  -1.20007515    
   1.11820339E-03   1.11416727E-03  -1.14007521    
   1.06144743E-03   1.05760247E-03  -1.08007526    
   1.00435829E-03   1.00070983E-03  -1.02007532    
   9.46952496E-04   9.43489373E-04 -0.960075319    
   8.89247342E-04   8.86000693E-04 -0.900075316    
   8.31260171E-04   8.28206539E-04 -0.840075314    
   7.73008738E-04   7.70173967E-04 -0.780075312    
   7.14510912E-04   7.11888075E-04 -0.720075309    
   6.55784796E-04   6.53348863E-04 -0.660075307    
   5.96848608E-04   5.94645739E-04 -0.600075305    
   5.37720975E-04   5.35726547E-04 -0.540075302    
   4.78420436E-04   4.76643443E-04 -0.480075300    
   4.18965850E-04   4.17411327E-04 -0.420075297    
   3.59376165E-04   3.58045101E-04 -0.360075295    
   2.99670442E-04   2.98559666E-04 -0.300075293    
   2.39867892E-04   2.38984823E-04 -0.240075290    
   1.79987750E-04   1.79305673E-04 -0.180075288    
   1.20049321E-04   1.19604170E-04 -0.120075285    
   6.00720341E-05   5.98505139E-05  -6.00752868E-02
   7.52881135E-08   7.45058060E-08  -7.52881169E-05
  -5.99214800E-05  -5.96940517E-05   5.99247105E-02
  -1.19898839E-04  -1.19447708E-04  0.119924709    
  -1.79837385E-04  -1.79171562E-04  0.179924712    
  -2.39717701E-04  -2.38813460E-04  0.239924714    
  -2.99520441E-04  -2.98403203E-04  0.299924701    
  -3.59226426E-04  -3.57888639E-04  0.359924704    
  -4.18816431E-04  -4.17262316E-04  0.419924706    
  -4.78271337E-04  -4.76501882E-04  0.479924709    
  -5.37572254E-04  -5.35570085E-04  0.539924681    
  -5.96700411E-04  -5.94481826E-04  0.599924684    
  -6.55637064E-04  -6.53222203E-04  0.659924686    
  -7.14363763E-04  -7.11724162E-04  0.719924688    
  -7.72862171E-04  -7.70010054E-04  0.779924691    
  -8.31114245E-04  -8.28072429E-04  0.839924693    
  -8.89101997E-04  -8.85851681E-04  0.899924695    
  -9.46807966E-04  -9.43340361E-04  0.959924698    
  -1.00421451E-03  -1.00056827E-03   1.01992464    
  -1.06130459E-03  -1.05745345E-03   1.07992458    
  -1.11806125E-03  -1.11401826E-03   1.13992453    
  -1.17446808E-03  -1.17024779E-03   1.19992447    
  -1.23050867E-03  -1.22609735E-03   1.25992441    
  -1.28616684E-03  -1.28157437E-03   1.31992435    
  -1.34142756E-03  -1.33665651E-03   1.37992430    
  -1.39627478E-03  -1.39132887E-03   1.43992424    
  -1.45069393E-03  -1.44558400E-03   1.49992418    
  -1.50467013E-03  -1.49939954E-03   1.55992413    
  -1.55818951E-03  -1.55275315E-03   1.61992407    
  -1.61123788E-03  -1.60565227E-03   1.67992401    
  -1.66380173E-03  -1.65806711E-03   1.73992395    
  -1.71586813E-03  -1.70997530E-03   1.79992390    
  -1.76742382E-03  -1.76139921E-03   1.85992384    
  -1.81845750E-03  -1.81229413E-03   1.91992378    
  -1.86895626E-03  -1.86266005E-03   1.97992373    
  -1.91890914E-03  -1.91246718E-03   2.03992367    
  -1.96830509E-03  -1.96174532E-03   2.09992361    
  -2.01713294E-03  -2.01045722E-03   2.15992355    
  -2.06538267E-03  -2.05860287E-03   2.21992350    
  -2.11304496E-03  -2.10614502E-03   2.27992344    
  -2.16010981E-03  -2.15310603E-03   2.33992338    
  -2.20656884E-03  -2.19947100E-03   2.39992332    
  -2.25241319E-03  -2.24522501E-03   2.45992327    
  -2.29763472E-03  -2.29035318E-03   2.51992321    
  -2.34222598E-03  -2.33487040E-03   2.57992315    
  -2.38617999E-03  -2.37874687E-03   2.63992310    
  -2.42948951E-03  -2.42197514E-03   2.69992304    
  -2.47214874E-03  -2.46456265E-03   2.75992298    
  -2.51415116E-03  -2.50650942E-03   2.81992292    
  -2.55549210E-03  -2.54779309E-03   2.87992287    
  -2.59616598E-03  -2.58841366E-03   2.93992281    
  -2.63616815E-03  -2.62836367E-03   2.99992275    
  -2.67549441E-03  -2.66765058E-03   3.05992270    
  -2.71414150E-03  -2.70625204E-03   3.11992264    
  -2.75210594E-03  -2.74418294E-03   3.17992258    
  -2.78938399E-03  -2.78143585E-03   3.23992252    
  -2.82597402E-03  -2.81799585E-03   3.29992247    
  -2.86187371E-03  -2.85387784E-03   3.35992241    
  -2.89708073E-03  -2.88906693E-03   3.41992235    
  -2.93159392E-03  -2.92357057E-03   3.47992229    
  -2.96541257E-03  -2.95738131E-03   3.53992224    
  -2.99853622E-03  -2.99050659E-03   3.59992218    
  -3.03096441E-03  -3.02293152E-03   3.65992212    
  -3.06269666E-03  -3.05467099E-03   3.71992207    
  -3.09373392E-03  -3.08571011E-03   3.77992201    
  -3.12407711E-03  -3.11606377E-03   3.83992195    
  -3.15372716E-03  -3.14573199E-03   3.89992189    
  -3.18268500E-03  -3.17470729E-03   3.95992184    
  -3.21095320E-03  -3.20300460E-03   4.01992178    
  -3.23853362E-03  -3.23060900E-03   4.07992172    
  -3.26542789E-03  -3.25753540E-03   4.13992167    
  -3.29163973E-03  -3.28378379E-03   4.19992161    
  -3.31717171E-03  -3.30934674E-03   4.25992155    
  -3.34202661E-03  -3.33424658E-03   4.31992149    
  -3.36620794E-03  -3.35846841E-03   4.37992144    
  -3.38971987E-03  -3.38203460E-03   4.43992138    
  -3.41256638E-03  -3.40490788E-03   4.49992132    
  -3.43475165E-03  -3.42717022E-03   4.55992126    
  -3.45627940E-03  -3.44874710E-03   4.61992121    
  -3.47715523E-03  -3.46966833E-03   4.67992115    
  -3.49738379E-03  -3.48996371E-03   4.73992109    
  -3.51696950E-03  -3.50960344E-03   4.79992104    
  -3.53591843E-03  -3.52861732E-03   4.85992098    
  -3.55423614E-03  -3.54699790E-03   4.91992092    
  -3.57192708E-03  -3.56476754E-03   4.97992086    
  -3.58899822E-03  -3.58188897E-03   5.03992081    
  -3.60545493E-03  -3.59842181E-03   5.09992075    
  -3.62130417E-03  -3.61433625E-03   5.15992069    
  -3.63655039E-03  -3.62967700E-03   5.21992064    
  -3.65120196E-03  -3.64439189E-03   5.27992058    
  -3.66526423E-03  -3.65852565E-03   5.33992052    
  -3.67874419E-03  -3.67209315E-03   5.39992046    
  -3.69164930E-03  -3.68507206E-03   5.45992041    
  -3.70398513E-03  -3.69749218E-03   5.51992035    
  -3.71575868E-03  -3.70934606E-03   5.57992029    
  -3.72697809E-03  -3.72064859E-03   5.63992023    
  -3.73764965E-03  -3.73139977E-03   5.69992018    
  -3.74778081E-03  -3.74161452E-03   5.75992012    
  -3.75737855E-03  -3.75129282E-03   5.81992006    
  -3.76645103E-03  -3.76044959E-03   5.87992001    
  -3.77500406E-03  -3.76908481E-03   5.93991995    
  -3.78304673E-03  -3.77722085E-03   5.99991989    
  -3.79058532E-03  -3.78485024E-03   6.05991983    
  -3.79762799E-03  -3.79197299E-03   6.11991978    
  -3.80418194E-03  -3.79861146E-03   6.17991972    
  -3.81025439E-03  -3.80478054E-03   6.23991966    
  -3.81585374E-03  -3.81045789E-03   6.29991961    
  -3.82098719E-03  -3.81568819E-03   6.35991955    
  -3.82566266E-03  -3.82045656E-03   6.41991949    
  -3.82988690E-03  -3.82475555E-03   6.47991943    
  -3.83366807E-03  -3.82862240E-03   6.53991938    
  -3.83701338E-03  -3.83205712E-03   6.59991932    
  -3.83993052E-03  -3.83505225E-03   6.65991926    
  -3.84242716E-03  -3.83764505E-03   6.71991920    
  -3.84451123E-03  -3.83982062E-03   6.77991915    
  -3.84618994E-03  -3.84157896E-03   6.83991909    
  -3.84747004E-03  -3.84294987E-03   6.89991903    
  -3.84835992E-03  -3.84392589E-03   6.95991898    
  -3.84886679E-03  -3.84450704E-03   7.01991892    
  -3.84899788E-03  -3.84473056E-03   7.07991886    
  -3.84876039E-03  -3.84457409E-03   7.13991880    
  -3.84816155E-03  -3.84406000E-03   7.19991875    
  -3.84720927E-03  -3.84319574E-03   7.25991869    
  -3.84591008E-03  -3.84197384E-03   7.31991863    
  -3.84427141E-03  -3.84041667E-03   7.37991858    
  -3.84230004E-03  -3.83852422E-03   7.43991852    
  -3.84000316E-03  -3.83631140E-03   7.49991846    
  -3.83738778E-03  -3.83377820E-03   7.55991840    
  -3.83446109E-03  -3.83092463E-03   7.61991835    
  -3.83122964E-03  -3.82778049E-03   7.67991829    
  -3.82769946E-03  -3.82433087E-03   7.73991823    
  -3.82387917E-03  -3.82058322E-03   7.79991817    
  -3.81977274E-03  -3.81655991E-03   7.85991812    
  -3.81538970E-03  -3.81224602E-03   7.91991806    
  -3.81073402E-03  -3.80766392E-03   7.97991800    
  -3.80581268E-03  -3.80281359E-03   8.03991795    
  -3.80063406E-03  -3.79770249E-03   8.09991837    
  -3.79520166E-03  -3.79234552E-03   8.15991879    
  -3.78952245E-03  -3.78673524E-03   8.21991920    
  -3.78360413E-03  -3.78089398E-03   8.27991962    
  -3.77745088E-03  -3.77480686E-03   8.33992004    
  -3.77106969E-03  -3.76848876E-03   8.39992046    
  -3.76446545E-03  -3.76195461E-03   8.45992088    
  -3.75764491E-03  -3.75519693E-03   8.51992130    
  -3.75061296E-03  -3.74823809E-03   8.57992172    
  -3.74337612E-03  -3.74106318E-03   8.63992214    
  -3.73593927E-03  -3.73367965E-03   8.69992256    
  -3.72830848E-03  -3.72612476E-03   8.75992298    
  -3.72048863E-03  -3.71836126E-03   8.81992340    
  -3.71248485E-03  -3.71041894E-03   8.87992382    
  -3.70430364E-03  -3.70229781E-03   8.93992424    
  -3.69594828E-03  -3.69399786E-03   8.99992466    
  -3.68742505E-03  -3.68553400E-03   9.05992508    
  -3.67873907E-03  -3.67689878E-03   9.11992550    
  -3.66989430E-03  -3.66811454E-03   9.17992592    
  -3.66089633E-03  -3.65916640E-03   9.23992634    
  -3.65174888E-03  -3.65007669E-03   9.29992676    
  -3.64245824E-03  -3.64084542E-03   9.35992718    
  -3.63302790E-03  -3.63146514E-03   9.41992760    
  -3.62346275E-03  -3.62195075E-03   9.47992802    
  -3.61376721E-03  -3.61230224E-03   9.53992844    
  -3.60394525E-03  -3.60252708E-03   9.59992886    
  -3.59400082E-03  -3.59264016E-03   9.65992928    
  -3.58393928E-03  -3.58261913E-03   9.71992970    
  -3.57376388E-03  -3.57249379E-03   9.77993011    
  -3.56347882E-03  -3.56225669E-03   9.83993053    
  -3.55308806E-03  -3.55190784E-03   9.89993095    
  -3.54259578E-03  -3.54145467E-03   9.95993137    
  -3.53200524E-03  -3.53091210E-03   10.0199318    
  -3.52132018E-03  -3.52026522E-03   10.0799322    
  -3.51054501E-03  -3.50953639E-03   10.1399326    
  -3.49968299E-03  -3.49871069E-03   10.1999331    
  -3.48873739E-03  -3.48781049E-03   10.2599335    
  -3.47771146E-03  -3.47682834E-03   10.3199339    
  -3.46660917E-03  -3.46575677E-03   10.3799343    
  -3.45543330E-03  -3.45461816E-03   10.4399347    
  -3.44418781E-03  -3.44340503E-03   10.4999352    
  -3.43287527E-03  -3.43213230E-03   10.5599356    
  -3.42149846E-03  -3.42079997E-03   10.6199360    
  -3.41006182E-03  -3.40938568E-03   10.6799364    
  -3.39856627E-03  -3.39793414E-03   10.7399368    
  -3.38701671E-03  -3.38640809E-03   10.7999372    
  -3.37541499E-03  -3.37484479E-03   10.8599377    
  -3.36376368E-03  -3.36322188E-03   10.9199381    
  -3.35206627E-03  -3.35155427E-03   10.9799385    
  -3.34032485E-03  -3.33984941E-03   11.0399389    
  -3.32854223E-03  -3.32809240E-03   11.0999393    
  -3.31672118E-03  -3.31629813E-03   11.1599398    
  -3.30486358E-03  -3.30447406E-03   11.2199402    
  -3.29297222E-03  -3.29260528E-03   11.2799406    
  -3.28104966E-03  -3.28071415E-03   11.3399410    
  -3.26909823E-03  -3.26878577E-03   11.3999414    
  -3.25712003E-03  -3.25683504E-03   11.4599419    
  -3.24511668E-03  -3.24485451E-03   11.5199423    
  -3.23309144E-03  -3.23285908E-03   11.5799427    
  -3.22104595E-03  -3.22083384E-03   11.6399431    
  -3.20898229E-03  -3.20880115E-03   11.6999435    
  -3.19690234E-03  -3.19673866E-03   11.7599440    
  -3.18480795E-03  -3.18466127E-03   11.8199444    
  -3.17270169E-03  -3.17257643E-03   11.8799448    
  -3.16058449E-03  -3.16048414E-03   11.9399452    
  -3.14845890E-03  -3.14837694E-03   11.9999456    
  -3.13632609E-03  -3.13626602E-03   12.0599461    
  -3.12418886E-03  -3.12415138E-03   12.1199465    
  -3.11204768E-03  -3.11203301E-03   12.1799469    
  -3.09990463E-03  -3.09989601E-03   12.2399473    
  -3.08776181E-03  -3.08778509E-03   12.2999477    
  -3.07561993E-03  -3.07564437E-03   12.3599482    
  -3.06348107E-03  -3.06352600E-03   12.4199486    
  -3.05134663E-03  -3.05140764E-03   12.4799490    
  -3.03921825E-03  -3.03930044E-03   12.5399494    
  -3.02709662E-03  -3.02719697E-03   12.5999498    
  -3.01498338E-03  -3.01509351E-03   12.6599503    
  -3.00288037E-03  -3.00300494E-03   12.7199507    
  -2.99078878E-03  -2.99093872E-03   12.7799511    
  -2.97870929E-03  -2.97886506E-03   12.8399515    
  -2.96664331E-03  -2.96681374E-03   12.8999519    
  -2.95459246E-03  -2.95477733E-03   12.9599524    
  -2.94255745E-03  -2.94275954E-03   13.0199528    
  -2.93053896E-03  -2.93075666E-03   13.0799532    
  -2.91853934E-03  -2.91876495E-03   13.1399536    
  -2.90655880E-03  -2.90679187E-03   13.1999540    
  -2.89459829E-03  -2.89484113E-03   13.2599545    
  -2.88265897E-03  -2.88290903E-03   13.3199549    
  -2.87074223E-03  -2.87100300E-03   13.3799553    
  -2.85884808E-03  -2.85912678E-03   13.4399557    
  -2.84697837E-03  -2.84726545E-03   13.4999561    
  -2.83513335E-03  -2.83542275E-03   13.5599566    
  -2.82331416E-03  -2.82362476E-03   13.6199570    
  -2.81152152E-03  -2.81184167E-03   13.6799574    
  -2.79975613E-03  -2.80008093E-03   13.7399578    
  -2.78801890E-03  -2.78835371E-03   13.7999582    
  -2.77631078E-03  -2.77664885E-03   13.8599586    
  -2.76463176E-03  -2.76498869E-03   13.9199591    
  -2.75298324E-03  -2.75334716E-03   13.9799595    
  -2.74136593E-03  -2.74173543E-03   14.0399599    
  -2.72977981E-03  -2.73015723E-03   14.0999603    
  -2.71822652E-03  -2.71860138E-03   14.1599607    
  -2.70670559E-03  -2.70708650E-03   14.2199612    
  -2.69521819E-03  -2.69561261E-03   14.2799616    
  -2.68376432E-03  -2.68416479E-03   14.3399620    
  -2.67234584E-03  -2.67275795E-03   14.3999624    
  -2.66096182E-03  -2.66136974E-03   14.4599628    
  -2.64961319E-03  -2.65002996E-03   14.5199633    
  -2.63830088E-03  -2.63872743E-03   14.5799637    
  -2.62702536E-03  -2.62745097E-03   14.6399641    
  -2.61578662E-03  -2.61622295E-03   14.6999645    
  -2.60458514E-03  -2.60501727E-03   14.7599649    
  -2.59342138E-03  -2.59386376E-03   14.8199654    
  -2.58229580E-03  -2.58274004E-03   14.8799658    
  -2.57120910E-03  -2.57166475E-03   14.9399662    
  -2.56016082E-03  -2.56061554E-03   14.9999666    
  -2.54915212E-03  -2.54961476E-03   15.0599670    
  -2.53818301E-03  -2.53864378E-03   15.1199675    
  -2.52725370E-03  -2.52771750E-03   15.1799679    
  -2.51636445E-03  -2.51683220E-03   15.2399683    
  -2.50551593E-03  -2.50599161E-03   15.2999687    
  -2.49470840E-03  -2.49518454E-03   15.3599691    
  -2.48394185E-03  -2.48441845E-03   15.4199696    
  -2.47321627E-03  -2.47369707E-03   15.4799700    
  -2.46253237E-03  -2.46301293E-03   15.5399704    
  -2.45189015E-03  -2.45237350E-03   15.5999708    
  -2.44128983E-03  -2.44177505E-03   15.6599712    
  -2.43073143E-03  -2.43121758E-03   15.7199717    
  -2.42021563E-03  -2.42070481E-03   15.7799721    
  -2.40974221E-03  -2.41024047E-03   15.8399725    
  -2.39931163E-03  -2.39980966E-03   15.8999729    
  -2.38892343E-03  -2.38941982E-03   15.9599733    
  -2.37857876E-03  -2.37907469E-03   16.0199738    
  -2.36827694E-03  -2.36877799E-03   16.0799732    
  -2.35801865E-03  -2.35852227E-03   16.1399727    
  -2.34780344E-03  -2.34830379E-03   16.1999722    
  -2.33763130E-03  -2.33813375E-03   16.2599716    
  -2.32750317E-03  -2.32800841E-03   16.3199711    
  -2.31741834E-03  -2.31792405E-03   16.3799706    
  -2.30737729E-03  -2.30788440E-03   16.4399700    
  -2.29738001E-03  -2.29788572E-03   16.4999695    
  -2.28742650E-03  -2.28793547E-03   16.5599689    
  -2.27751653E-03  -2.27802247E-03   16.6199684    
  -2.26765103E-03  -2.26816162E-03   16.6799679    
  -2.25782907E-03  -2.25833431E-03   16.7399673    
  -2.24805088E-03  -2.24856660E-03   16.7999668    
  -2.23831693E-03  -2.23882496E-03   16.8599663    
  -2.22862652E-03  -2.22913921E-03   16.9199657    
  -2.21898034E-03  -2.21948698E-03   16.9799652    
  -2.20937817E-03  -2.20988691E-03   17.0399647    
  -2.19981978E-03  -2.20033154E-03   17.0999641    
  -2.19030562E-03  -2.19081342E-03   17.1599636    
  -2.18083523E-03  -2.18134373E-03   17.2199631    
  -2.17140862E-03  -2.17191875E-03   17.2799625    
  -2.16202601E-03  -2.16253474E-03   17.3399620    
  -2.15268740E-03  -2.15319172E-03   17.3999615    
  -2.14339211E-03  -2.14389712E-03   17.4599609    
  -2.13414105E-03  -2.13464722E-03   17.5199604    
  -2.12493329E-03  -2.12543458E-03   17.5799599    
  -2.11576978E-03  -2.11627409E-03   17.6399593    
  -2.10664910E-03  -2.10715085E-03   17.6999588    
  -2.09757220E-03  -2.09807605E-03   17.7599583    
  -2.08853884E-03  -2.08904222E-03   17.8199577    
  -2.07954855E-03  -2.08004564E-03   17.8799572    
  -2.07060180E-03  -2.07110122E-03   17.9399567    
  -2.06169812E-03  -2.06219777E-03   17.9999561    
  -2.05283775E-03  -2.05333903E-03   18.0599556    
  -2.04402022E-03  -2.04451755E-03   18.1199551    
  -2.03524553E-03  -2.03574449E-03   18.1799545    
  -2.02651368E-03  -2.02700868E-03   18.2399540    
  -2.01782444E-03  -2.01831758E-03   18.2999535    
  -2.00917828E-03  -2.00967118E-03   18.3599529    
  -2.00057426E-03  -2.00106949E-03   18.4199524    
  -1.99201261E-03  -1.99250504E-03   18.4799519    
  -1.98349333E-03  -1.98397785E-03   18.5399513    
  -1.97501597E-03  -1.97549909E-03   18.5999508    
  -1.96658052E-03  -1.96706504E-03   18.6599503    
  -1.95818744E-03  -1.95866823E-03   18.7199497    
  -1.94983615E-03  -1.95031986E-03   18.7799492    
  -1.94152619E-03  -1.94200501E-03   18.8399487    
  -1.93325803E-03  -1.93373859E-03   18.8999481    
  -1.92503119E-03  -1.92550942E-03   18.9599476    
  -1.91684556E-03  -1.91732123E-03   19.0199471    
  -1.90870091E-03  -1.90917403E-03   19.0799465    
  -1.90059759E-03  -1.90106779E-03   19.1399460    
  -1.89253490E-03  -1.89300999E-03   19.1999454    
  -1.88451295E-03  -1.88498199E-03   19.2599449    
  -1.87653140E-03  -1.87700242E-03   19.3199444    
  -1.86859036E-03  -1.86905265E-03   19.3799438    
  -1.86068937E-03  -1.86115503E-03   19.4399433    
  -1.85282878E-03  -1.85329095E-03   19.4999428    
  -1.84500811E-03  -1.84546784E-03   19.5599422    
  -1.83722726E-03  -1.83768570E-03   19.6199417    
  -1.82948599E-03  -1.82994083E-03   19.6799412    
  -1.82178419E-03  -1.82223693E-03   19.7399406    
  -1.81412161E-03  -1.81457400E-03   19.7999401    
  -1.80649827E-03  -1.80695206E-03   19.8599396    
  -1.79891405E-03  -1.79935992E-03   19.9199390    
  -1.79136870E-03  -1.79181248E-03   19.9799385    
  -1.78386190E-03  -1.78430602E-03   20.0399380    
  -1.77639385E-03  -1.77683681E-03   20.0999374    
  -1.76896376E-03  -1.76940486E-03   20.1599369    
  -1.76157220E-03  -1.76201388E-03   20.2199364    
  -1.75421860E-03  -1.75465643E-03   20.2799358    
  -1.74690271E-03  -1.74733996E-03   20.3399353    
  -1.73962477E-03  -1.74006075E-03   20.3999348    
  -1.73238455E-03  -1.73281506E-03   20.4599342    
  -1.72518136E-03  -1.72561407E-03   20.5199337    
  -1.71801518E-03  -1.71844289E-03   20.5799332    
  -1.71088648E-03  -1.71131268E-03   20.6399326    
  -1.70379458E-03  -1.70421600E-03   20.6999321    
  -1.69673946E-03  -1.69716403E-03   20.7599316    
  -1.68972067E-03  -1.69013813E-03   20.8199310    
  -1.68273796E-03  -1.68315694E-03   20.8799305    
  -1.67579181E-03  -1.67620927E-03   20.9399300    
  -1.66888139E-03  -1.66929513E-03   20.9999294    
  -1.66200707E-03  -1.66242197E-03   21.0599289    
  -1.65516837E-03  -1.65557861E-03   21.1199284    
  -1.64836505E-03  -1.64877251E-03   21.1799278    
  -1.64159725E-03  -1.64199993E-03   21.2399273    
  -1.63486437E-03  -1.63526833E-03   21.2999268    
  -1.62816665E-03  -1.62856653E-03   21.3599262    
  -1.62150362E-03  -1.62190199E-03   21.4199257    
  -1.61487528E-03  -1.61527470E-03   21.4799252    
  -1.60828140E-03  -1.60867721E-03   21.5399246    
  -1.60172186E-03  -1.60211697E-03   21.5999241    
  -1.59519643E-03  -1.59559026E-03   21.6599236    
  -1.58870500E-03  -1.58909336E-03   21.7199230    
  -1.58224732E-03  -1.58263743E-03   21.7799225    
  -1.57582317E-03  -1.57620758E-03   21.8399220    
  -1.56943244E-03  -1.56981498E-03   21.8999214    
  -1.56307488E-03  -1.56345963E-03   21.9599209    
  -1.55675062E-03  -1.55713782E-03   22.0199203    
  -1.55045930E-03  -1.55084208E-03   22.0799198    
  -1.54420058E-03  -1.54457614E-03   22.1399193    
  -1.53797423E-03  -1.53835118E-03   22.1999187    
  -1.53178058E-03  -1.53215230E-03   22.2599182    
  -1.52561918E-03  -1.52599066E-03   22.3199177    
  -1.51948968E-03  -1.51985511E-03   22.3799171    
  -1.51339220E-03  -1.51375681E-03   22.4399166    
  -1.50732649E-03  -1.50769204E-03   22.4999161    
  -1.50129211E-03  -1.50165334E-03   22.5599155    
  -1.49528950E-03  -1.49565190E-03   22.6199150    
  -1.48931774E-03  -1.48967654E-03   22.6799145    
  -1.48337719E-03  -1.48373842E-03   22.7399139    
  -1.47746748E-03  -1.47782266E-03   22.7999134    
  -1.47158862E-03  -1.47194415E-03   22.8599129    
  -1.46574015E-03  -1.46609172E-03   22.9199123    
  -1.45992218E-03  -1.46027282E-03   22.9799118    
  -1.45413424E-03  -1.45447999E-03   23.0399113    
  -1.44837657E-03  -1.44872069E-03   23.0999107    
  -1.44264870E-03  -1.44299120E-03   23.1599102    
  -1.43695076E-03  -1.43729150E-03   23.2199097    
  -1.43128214E-03  -1.43162161E-03   23.2799091    
  -1.42564287E-03  -1.42597780E-03   23.3399086    
  -1.42003293E-03  -1.42037496E-03   23.3999081    
  -1.41445233E-03  -1.41478702E-03   23.4599075    
  -1.40890037E-03  -1.40923634E-03   23.5199070    
  -1.40337727E-03  -1.40370801E-03   23.5799065    
  -1.39788259E-03  -1.39820948E-03   23.6399059    
  -1.39241666E-03  -1.39274448E-03   23.6999054    
  -1.38697878E-03  -1.38730183E-03   23.7599049    
  -1.38156908E-03  -1.38188899E-03   23.8199043    
  -1.37618720E-03  -1.37651339E-03   23.8799038    
  -1.37083326E-03  -1.37115270E-03   23.9399033    
  -1.36550702E-03  -1.36582181E-03   23.9999027    
  -1.36020826E-03  -1.36052445E-03   24.0599022    
  -1.35493674E-03  -1.35525316E-03   24.1199017    
  -1.34969258E-03  -1.35000423E-03   24.1799011    
  -1.34447531E-03  -1.34478509E-03   24.2399006    
  -1.33928482E-03  -1.33959576E-03   24.2999001    
  -1.33412122E-03  -1.33442506E-03   24.3598995    
  -1.32898428E-03  -1.32929161E-03   24.4198990    
  -1.32387353E-03  -1.32418051E-03   24.4798985    
  -1.31878920E-03  -1.31909177E-03   24.5398979    
  -1.31373096E-03  -1.31403282E-03   24.5998974    
  -1.30869867E-03  -1.30899623E-03   24.6598969    
  -1.30369223E-03  -1.30398944E-03   24.7198963    
  -1.29871164E-03  -1.29900873E-03   24.7798958    
  -1.29375642E-03  -1.29405037E-03   24.8398952    
  -1.28882658E-03  -1.28912181E-03   24.8998947    
  -1.28392188E-03  -1.28421560E-03   24.9598942    
  -1.27904245E-03  -1.27933174E-03   25.0198936    
  -1.27418782E-03  -1.27447769E-03   25.0798931    
  -1.26935809E-03  -1.26964226E-03   25.1398926    
  -1.26455305E-03  -1.26483664E-03   25.1998920    
  -1.25977246E-03  -1.26005709E-03   25.2598915    
  -1.25501631E-03  -1.25529617E-03   25.3198910    
  -1.25028437E-03  -1.25056505E-03   25.3798904    
  -1.24557642E-03  -1.24585629E-03   25.4398899    
  -1.24089245E-03  -1.24116987E-03   25.4998894    
  -1.23623246E-03  -1.23650581E-03   25.5598888    
  -1.23159622E-03  -1.23186782E-03   25.6198883    
  -1.22698315E-03  -1.22725219E-03   25.6798878    
  -1.22239382E-03  -1.22266263E-03   25.7398872    
  -1.21782767E-03  -1.21809542E-03   25.7998867    
  -1.21328468E-03  -1.21355057E-03   25.8598862    
  -1.20876473E-03  -1.20902807E-03   25.9198856    
  -1.20426761E-03  -1.20453164E-03   25.9798851    
  -1.19979319E-03  -1.20005384E-03   26.0398846    
  -1.19534135E-03  -1.19560212E-03   26.0998840    
  -1.19091209E-03  -1.19117275E-03   26.1598835    
  -1.18650508E-03  -1.18675828E-03   26.2198830    
  -1.18212029E-03  -1.18237734E-03   26.2798824    
  -1.17775763E-03  -1.17800757E-03   26.3398819    
  -1.17341673E-03  -1.17367133E-03   26.3998814    
  -1.16909784E-03  -1.16934627E-03   26.4598808    
  -1.16480060E-03  -1.16505101E-03   26.5198803    
  -1.16052502E-03  -1.16077438E-03   26.5798798    
  -1.15627085E-03  -1.15651637E-03   26.6398792    
  -1.15203799E-03  -1.15228072E-03   26.6998787    
  -1.14782632E-03  -1.14807487E-03   26.7598782    
  -1.14363572E-03  -1.14388019E-03   26.8198776    
  -1.13946619E-03  -1.13970786E-03   26.8798771    
  -1.13531726E-03  -1.13555789E-03   26.9398766    
  -1.13118917E-03  -1.13142654E-03   26.9998760    
  -1.12708157E-03  -1.12732127E-03   27.0598755    
  -1.12299458E-03  -1.12322718E-03   27.1198750    
  -1.11892796E-03  -1.11916289E-03   27.1798744    
  -1.11488136E-03  -1.11510977E-03   27.2398739    
  -1.11085502E-03  -1.11108646E-03   27.2998734    
  -1.10684859E-03  -1.10707805E-03   27.3598728    
  -1.10286206E-03  -1.10309198E-03   27.4198723    
  -1.09889521E-03  -1.09912455E-03   27.4798717    
  -1.09494815E-03  -1.09517202E-03   27.5398712    
  -1.09102053E-03  -1.09124556E-03   27.5998707    
  -1.08711235E-03  -1.08733773E-03   27.6598701    
  -1.08322350E-03  -1.08344480E-03   27.7198696    
  -1.07935385E-03  -1.07957423E-03   27.7798691    
  -1.07550318E-03  -1.07572228E-03   27.8398685    
  -1.07167161E-03  -1.07188895E-03   27.8998680    
  -1.06785866E-03  -1.06807798E-03   27.9598675    
  -1.06406468E-03  -1.06427819E-03   28.0198669    
  -1.06028921E-03  -1.06050447E-03   28.0798664    
  -1.05653238E-03  -1.05674565E-03   28.1398659    
  -1.05279381E-03  -1.05300546E-03   28.1998653    
  -1.04907376E-03  -1.04928389E-03   28.2598648    
  -1.04537164E-03  -1.04558468E-03   28.3198643    
  -1.04168779E-03  -1.04189292E-03   28.3798637    
  -1.03802199E-03  -1.03822723E-03   28.4398632    
  -1.03437388E-03  -1.03458017E-03   28.4998627    
  -1.03074370E-03  -1.03094801E-03   28.5598621    
  -1.02713110E-03  -1.02733448E-03   28.6198616    
  -1.02353608E-03  -1.02373958E-03   28.6798611    
  -1.01995864E-03  -1.02015957E-03   28.7398605    
  -1.01639843E-03  -1.01659819E-03   28.7998600    
  -1.01285556E-03  -1.01305172E-03   28.8598595    
  -1.00932992E-03  -1.00953132E-03   28.9198589    
  -1.00582116E-03  -1.00601837E-03   28.9798584    
  -1.00232952E-03  -1.00252405E-03   29.0398579    
  -9.98854754E-04  -9.99048352E-04   29.0998573    
  -9.95396636E-04  -9.95587558E-04   29.1598568    
  -9.91955283E-04  -9.92149115E-04   29.2198563    
  -9.88530577E-04  -9.88718122E-04   29.2798557    
  -9.85122286E-04  -9.85309482E-04   29.3398552    
  -9.81730293E-04  -9.81919467E-04   29.3998547    
  -9.78354597E-04  -9.78540629E-04   29.4598541    
  -9.74995142E-04  -9.75180417E-04   29.5198536    
  -9.71651811E-04  -9.71835107E-04   29.5798531    
  -9.68324428E-04  -9.68508422E-04   29.6398525    
  -9.65012994E-04  -9.65196639E-04   29.6998520    
  -9.61717451E-04  -9.61903483E-04   29.7598515    
  -9.58437566E-04  -9.58617777E-04   29.8198509    
  -9.55173280E-04  -9.55354422E-04   29.8798504    
  -9.51924652E-04  -9.52100381E-04   29.9398499    
  -9.48691391E-04  -9.48866829E-04   29.9998493    
